0.253 0.154
0.784 7.571
0.808 14.641
1.315 13.486
1.339 17.647
1.363 21.660
1.388 25.531
1.846 22.390
1.870 25.255
1.894 28.046
1.919 30.765
1.943 33.418
1.967 36.006
1.991 38.531
2.015 40.993
2.377 37.245
2.401 39.326
2.425 41.366
2.449 43.364
2.474 45.324
2.498 47.247
2.522 49.132
2.546 50.982
2.570 52.795
2.595 54.575
2.619 56.324
2.643 58.040
2.667 59.722
2.692 61.377
2.716 63.002
2.740 64.598
2.907 62.905
2.932 64.398
2.956 65.866
2.980 67.311
3.004 68.730
3.029 70.128
3.053 71.504
3.077 72.859
3.101 74.190
3.125 75.503
3.150 76.795
3.174 78.068
3.198 79.320
3.222 80.554
3.247 81.771
3.271 82.969
3.295 84.147
3.319 85.311
3.343 86.458
3.368 87.588
3.438 87.505
3.462 88.597
3.487 89.674
3.511 90.736
3.535 91.780
3.559 92.814
3.583 93.833
3.608 94.838
3.632 95.828
3.656 96.807
3.680 97.773
3.705 98.726
3.729 99.665
3.753 100.594
3.777 101.511
3.801 102.416
3.826 103.308
3.850 104.190
3.874 105.062
3.898 105.923
3.969 105.525
3.993 106.362
4.017 107.190
4.042 108.008
4.066 108.813
4.090 109.611
4.114 110.400
4.138 111.180
4.163 111.948
4.187 112.709
4.211 113.462
4.235 114.207
4.260 114.940
4.284 115.667
4.308 116.387
4.332 117.098
4.357 117.799
4.381 118.495
4.405 119.183
4.429 119.863
4.500 119.293
4.524 119.959
4.548 120.618
4.572 121.269
4.597 121.912
4.621 122.550
4.645 123.181
4.669 123.806
4.694 124.421
4.718 125.033
4.742 125.639
4.766 126.239
4.790 126.832
4.815 127.417
4.839 127.999
4.863 128.575
4.887 129.145
4.912 129.707
4.936 130.266
4.960 130.820
5.031 130.157
5.055 130.700
5.079 131.239
5.103 131.772
5.128 132.298
5.152 132.822
5.176 133.340
5.200 133.854
5.224 134.361
5.249 134.865
5.273 135.365
5.297 135.860
5.321 136.350
5.346 136.834
5.370 137.316
5.394 137.793
5.418 138.266
5.442 138.733
5.467 139.198
5.491 139.658
5.561 138.946
5.586 139.400
5.610 139.850
5.634 140.296
5.658 140.739
5.683 141.175
5.707 141.610
5.731 142.041
5.755 142.469
5.779 142.890
5.804 143.311
5.828 143.728
5.852 144.141
5.876 144.549
5.901 144.956
5.925 145.359
5.949 145.760
5.973 146.154
5.997 146.548
6.022 146.938
6.092 146.206
6.116 146.590
6.141 146.973
6.165 147.352
6.189 147.729
6.213 148.101
6.237 148.472
6.262 148.840
6.286 149.205
6.310 149.566
6.334 149.925
6.359 150.282
6.383 150.637
6.407 150.986
6.431 151.335
6.455 151.681
6.480 152.025
6.504 152.364
6.528 152.703
6.552 153.039
6.623 152.301
6.647 152.631
6.671 152.962
6.696 153.290
6.720 153.616
6.744 153.937
6.768 154.258
6.793 154.577
6.817 154.893
6.841 155.205
6.865 155.517
6.889 155.827
6.914 156.135
6.938 156.438
6.962 156.742
6.986 157.043
7.011 157.342
7.035 157.637
7.059 157.932
7.083 158.225
7.154 157.491
7.178 157.779
7.202 158.068
7.226 158.355
7.251 158.640
7.275 158.921
7.299 159.202
7.323 159.481
7.348 159.759
7.372 160.032
7.396 160.306
7.420 160.578
7.444 160.849
7.469 161.115
7.493 161.382
7.517 161.647
7.541 161.910
7.566 162.172
7.590 162.430
7.614 162.689
7.684 161.964
7.709 162.218
7.733 162.473
7.757 162.727
7.781 162.979
7.806 163.227
7.830 163.476
7.854 163.723
7.878 163.969
7.903 164.211
7.927 164.454
7.951 164.695
7.975 164.935
7.999 165.174
8.024 165.408
8.048 165.644
8.072 165.878
8.096 166.111
8.121 166.340
8.145 166.570
8.215 165.859
8.240 166.085
8.264 166.313
8.288 166.539
8.312 166.764
8.336 166.985
8.361 167.207
8.385 167.428
8.409 167.648
8.433 167.866
8.458 168.081
8.482 168.297
8.506 168.512
8.530 168.725
8.555 168.935
8.579 169.146
8.603 169.356
8.627 169.565
8.651 169.770
8.676 169.977
8.746 169.281
8.770 169.484
8.795 169.689
8.819 169.892
8.843 170.094
8.867 170.295
8.892 170.493
8.916 170.692
8.940 170.889
8.964 171.086
8.988 171.280
9.013 171.474
9.037 171.668
9.061 171.860
9.085 172.050
9.110 172.240
9.134 172.430
9.158 172.618
9.182 172.804
9.206 172.990
9.277 172.311
9.301 172.497
9.325 172.680
9.350 172.864
9.374 173.047
9.398 173.229
9.422 173.408
9.447 173.589
9.471 173.768
9.495 173.946
9.519 174.122
9.543 174.298
9.568 174.474
9.592 174.649
9.616 174.821
9.640 174.994
9.665 175.166
9.689 175.337
9.713 175.506
9.737 175.675
9.808 175.014
9.832 175.183
9.856 175.350
9.880 175.517
9.905 175.684
9.929 175.850
9.953 176.013
9.977 176.177
10.002 176.341
10.026 176.503
10.050 176.664
10.074 176.825
10.098 176.985
10.123 177.145
10.147 177.302
10.171 177.460
10.195 177.617
10.220 177.774
10.244 177.928
10.268 178.083
10.338 177.439
10.363 177.594
10.387 177.746
10.411 177.900
10.435 178.052
10.460 178.204
10.484 178.354
10.508 178.504
10.532 178.654
10.556 178.803
10.581 178.950
10.605 179.098
10.629 179.245
10.653 179.392
10.678 179.538
10.702 179.681
10.726 179.826
10.750 179.970
10.774 180.113
10.799 180.254
10.869 179.627
10.893 179.770
10.918 179.910
10.942 180.051
10.966 180.191
10.990 180.331
11.015 180.469
11.039 180.608
11.063 180.746
11.087 180.883
11.111 181.020
11.136 181.155
11.160 181.291
11.184 181.426
11.208 181.560
11.233 181.693
11.257 181.826
11.281 181.959
11.305 182.091
11.330 182.221
11.400 181.612
11.424 181.743
11.449 181.873
11.473 182.003
11.497 182.133
11.521 182.263
11.545 182.391
11.570 182.518
11.594 182.646
11.618 182.773
11.642 182.900
11.667 183.024
11.691 183.150
11.715 183.275
11.739 183.400
11.764 183.523
11.788 183.646
11.812 183.769
11.836 183.892
11.860 184.012
11.931 183.419
11.955 183.542
11.979 183.663
12.004 183.783
12.028 183.903
12.052 184.024
12.076 184.143
12.101 184.261
12.125 184.380
12.149 184.498
12.173 184.616
12.197 184.731
12.222 184.848
12.246 184.965
12.270 185.080
12.294 185.194
12.319 185.309
12.343 185.424
12.367 185.538
12.391 185.650
12.462 185.073
12.486 185.187
12.510 185.300
12.534 185.412
12.559 185.524
12.583 185.636
12.607 185.748
12.631 185.857
12.655 185.968
12.680 186.078
12.704 186.188
12.728 186.296
12.752 186.405
12.777 186.513
12.801 186.622
12.825 186.728
12.849 186.835
12.873 186.942
12.898 187.049
12.922 187.154
12.992 186.592
13.017 186.698
13.041 186.804
13.065 186.908
13.089 187.013
13.114 187.118
13.138 187.222
13.162 187.325
13.186 187.428
13.210 187.531
13.235 187.634
13.259 187.735
13.283 187.837
13.307 187.939
13.332 188.040
13.356 188.140
13.380 188.240
13.404 188.340
13.428 188.440
13.453 188.540
13.523 187.992
13.547 188.091
13.572 188.190
13.596 188.288
13.620 188.386
13.644 188.484
13.669 188.582
13.693 188.678
13.717 188.776
13.741 188.872
13.765 188.969
13.790 189.064
13.814 189.159
13.838 189.255
13.862 189.350
13.887 189.445
13.911 189.538
13.935 189.632
13.959 189.726
13.983 189.819
14.054 189.285
14.078 189.379
14.102 189.472
14.127 189.564
14.151 189.656
14.175 189.749
14.199 189.841
14.224 189.931
14.248 190.023
14.272 190.114
14.296 190.204
14.320 190.295
14.345 190.384
14.369 190.474
14.393 190.563
14.417 190.652
14.442 190.740
14.466 190.829
14.490 190.917
14.514 191.005
14.585 190.485
14.609 190.573
14.633 190.661
14.658 190.747
14.682 190.835
14.706 190.922
14.730 191.009
14.754 191.095
14.779 191.180
14.803 191.266
14.827 191.351
14.851 191.437
14.876 191.521
14.900 191.605
14.924 191.690
14.948 191.774
14.973 191.857
14.997 191.941
15.021 192.024
15.045 192.107
15.116 191.600
15.140 191.684
15.164 191.767
15.188 191.849
15.213 191.931
15.237 192.013
15.261 192.095
15.285 192.177
15.309 192.257
15.334 192.338
15.358 192.419
15.382 192.500
15.406 192.579
15.431 192.659
15.455 192.739
15.479 192.819
15.503 192.897
15.527 192.977
15.552 193.056
15.576 193.134
15.646 192.640
15.671 192.719
15.695 192.798
15.719 192.876
15.743 192.953
15.768 193.031
15.792 193.109
15.816 193.186
15.840 193.262
15.864 193.339
15.889 193.416
15.913 193.492
15.937 193.567
15.961 193.643
15.986 193.719
16.010 193.795
16.034 193.869
16.058 193.944
16.082 194.019
16.107 194.094
16.177 193.611
16.201 193.686
16.226 193.761
16.250 193.835
16.274 193.908
16.298 193.982
16.323 194.056
16.347 194.130
16.371 194.202
16.395 194.275
16.419 194.348
16.444 194.420
16.468 194.492
16.492 194.564
16.516 194.636
16.541 194.708
16.565 194.780
16.589 194.850
16.613 194.921
16.637 194.992
16.708 194.521
16.732 194.592
16.756 194.663
16.781 194.734
16.805 194.803
16.829 194.874
16.853 194.944
16.878 195.014
16.902 195.083
16.926 195.152
16.950 195.221
16.974 195.291
16.999 195.360
17.023 195.427
17.047 195.496
17.071 195.564
17.096 195.632
17.120 195.699
17.144 195.767
17.168 195.835
17.239 195.375
17.263 195.443
17.287 195.510
17.311 195.578
17.336 195.644
17.360 195.711
17.384 195.778
17.408 195.844
17.433 195.911
17.457 195.976
17.481 196.042
17.505 196.108
17.529 196.174
17.554 196.238
17.578 196.304
17.602 196.369
17.626 196.434
17.651 196.498
17.675 196.562
17.699 196.627
17.770 196.178
17.794 196.242
17.818 196.307
17.842 196.371
17.866 196.435
17.891 196.498
17.915 196.562
17.939 196.626
17.963 196.689
17.988 196.751
18.012 196.814
18.036 196.877
18.060 196.940
18.085 197.002
18.109 197.064
18.133 197.126
18.157 197.188
18.181 197.249
18.206 197.311
18.230 197.373
18.300 196.935
18.325 196.995
18.349 197.057
18.373 197.119
18.397 197.180
18.422 197.240
18.446 197.301
18.470 197.362
18.494 197.423
18.518 197.482
18.543 197.542
18.567 197.603
18.591 197.663
18.615 197.721
18.640 197.781
18.664 197.841
18.688 197.900
18.712 197.958
18.736 198.018
18.761 198.077
18.831 197.648
18.855 197.706
18.880 197.765
18.904 197.824
18.928 197.883
18.952 197.940
18.977 197.999
19.001 198.057
19.025 198.115
19.049 198.172
19.073 198.230
19.098 198.288
19.122 198.345
19.146 198.401
19.170 198.459
19.195 198.516
19.219 198.573
19.243 198.628
19.267 198.685
19.291 198.742
19.362 198.323
19.386 198.378
19.410 198.435
19.435 198.491
19.459 198.547
19.483 198.603
19.507 198.659
19.532 198.714
19.556 198.770
19.580 198.825
19.604 198.880
19.628 198.935
19.653 198.991
19.677 199.045
19.701 199.100
19.725 199.154
19.750 199.209
19.774 199.263
19.798 199.317
19.822 199.371
19.893 198.961
19.917 199.014
19.941 199.069
19.965 199.123
19.990 199.177
20.014 199.230
20.038 199.283
20.062 199.337
20.087 199.391
20.111 199.444
20.135 199.496
20.159 199.549
20.183 199.602
20.208 199.655
20.232 199.707
20.256 199.759
20.280 199.812
20.305 199.864
20.329 199.916
20.353 199.968
20.424 199.566
20.448 199.617
20.472 199.670
20.496 199.722
20.520 199.774
20.545 199.824
20.569 199.876
20.593 199.928
20.617 199.979
20.642 200.030
20.666 200.081
20.690 200.132
20.714 200.183
20.738 200.233
20.763 200.283
20.787 200.334
20.811 200.384
20.835 200.434
20.860 200.484
20.884 200.534
20.954 200.141
20.979 200.191
21.003 200.240
21.027 200.290
21.051 200.340
21.076 200.390
21.100 200.439
21.124 200.488
21.148 200.538
21.172 200.587
21.197 200.636
21.221 200.685
21.245 200.734
21.269 200.783
21.294 200.831
21.318 200.879
21.342 200.928
21.366 200.976
21.390 201.024
21.415 201.072
21.485 200.687
21.509 200.735
21.534 200.783
21.558 200.831
21.582 200.879
21.606 200.927
21.631 200.974
21.655 201.022
21.679 201.069
21.703 201.117
21.727 201.164
21.752 201.211
21.776 201.258
21.800 201.305
21.824 201.351
21.849 201.398
21.873 201.445
21.897 201.492
21.921 201.538
21.945 201.584
22.016 201.207
22.040 201.253
22.064 201.299
22.089 201.346
22.113 201.392
22.137 201.438
22.161 201.483
22.186 201.530
22.210 201.576
22.234 201.621
22.258 201.666
22.282 201.712
22.307 201.758
22.331 201.803
22.355 201.848
22.379 201.893
22.404 201.938
22.428 201.983
22.452 202.028
22.476 202.072
22.547 201.702
22.571 201.747
22.595 201.791
22.619 201.836
22.644 201.881
22.668 201.925
22.692 201.969
22.716 202.014
22.741 202.058
22.765 202.102
22.789 202.146
22.813 202.190
22.837 202.234
22.862 202.278
22.886 202.322
22.910 202.364
22.934 202.408
22.959 202.452
22.983 202.495
23.007 202.538
23.078 202.175
23.102 202.218
23.126 202.261
23.150 202.304
23.174 202.347
23.199 202.390
23.223 202.433
23.247 202.476
23.271 202.519
23.296 202.561
23.320 202.604
23.344 202.646
23.368 202.688
23.392 202.731
23.417 202.773
23.441 202.815
23.465 202.857
23.489 202.899
23.514 202.941
23.538 202.982
23.608 202.626
23.633 202.668
23.657 202.709
23.681 202.751
23.705 202.793
23.730 202.835
23.754 202.876
23.778 202.917
23.802 202.959
23.826 203.000
23.851 203.041
23.875 203.082
23.899 203.123
23.923 203.164
23.948 203.205
23.972 203.245
23.996 203.286
24.020 203.327
24.044 203.367
24.069 203.407
24.139 203.057
24.163 203.098
24.188 203.139
24.212 203.178
24.236 203.219
24.260 203.259
24.285 203.300
24.309 203.339
24.333 203.379
24.357 203.419
24.381 203.459
24.406 203.499
24.430 203.538
24.454 203.578
24.478 203.618
24.503 203.657
24.527 203.696
24.551 203.736
24.575 203.775
24.599 203.814
24.670 203.470
24.694 203.510
24.718 203.549
24.743 203.588
24.767 203.627
24.791 203.666
24.815 203.705
24.840 203.743
24.864 203.782
24.888 203.821
24.912 203.860
24.936 203.898
24.961 203.936
24.985 203.975
25.009 204.013
25.033 204.051
25.058 204.089
25.082 204.127
25.106 204.166
25.130 204.203
25.201 203.866
25.225 203.904
25.249 203.942
25.273 203.979
25.298 204.017
25.322 204.055
25.346 204.093
25.370 204.130
25.395 204.168
25.419 204.206
25.443 204.243
25.467 204.280
25.491 204.317
25.516 204.355
25.540 204.392
25.564 204.429
25.588 204.466
25.613 204.503
25.637 204.540
25.661 204.577
25.732 204.245
25.756 204.282
25.780 204.319
25.804 204.355
25.828 204.392
25.853 204.429
25.877 204.466
25.901 204.502
25.925 204.538
25.950 204.575
25.974 204.611
25.998 204.648
26.022 204.683
26.047 204.720
26.071 204.756
26.095 204.792
26.119 204.827
26.143 204.863
26.168 204.899
26.192 204.935
26.262 204.609
26.287 204.645
26.311 204.681
26.335 204.716
26.359 204.752
26.384 204.787
26.408 204.823
26.432 204.859
26.456 204.893
26.480 204.929
26.505 204.964
26.529 205.000
26.553 205.034
26.577 205.070
26.602 205.105
26.626 205.140
26.650 205.174
26.674 205.209
26.698 205.244
26.723 205.279
26.793 204.958
26.817 204.993
26.842 205.028
26.866 205.063
26.890 205.097
26.914 205.132
26.939 205.166
26.963 205.201
26.987 205.235
27.011 205.269
27.035 205.304
27.060 205.338
27.084 205.372
27.108 205.406
27.132 205.440
27.157 205.474
27.181 205.508
27.205 205.542
27.229 205.575
27.253 205.609
27.324 205.294
27.348 205.328
27.372 205.362
27.397 205.396
27.421 205.429
27.445 205.463
27.469 205.496
27.494 205.530
27.518 205.563
27.542 205.597
27.566 205.630
27.590 205.663
27.615 205.696
27.639 205.729
27.663 205.763
27.687 205.796
27.712 205.828
27.736 205.861
27.760 205.894
27.784 205.927
27.855 205.617
27.879 205.650
27.903 205.683
27.927 205.716
27.952 205.748
27.976 205.781
28.000 205.814
28.024 205.847
28.049 205.879
28.073 205.911
28.097 205.944
28.121 205.976
28.145 206.008
28.170 206.041
28.194 206.073
28.218 206.105
28.242 206.137
28.267 206.169
28.291 206.201
28.315 206.233
28.386 205.928
28.410 205.960
28.434 205.992
28.458 206.024
28.483 206.056
28.507 206.088
28.531 206.120
28.555 206.152
28.579 206.183
28.604 206.214
28.628 206.246
28.652 206.278
28.676 206.309
28.701 206.340
28.725 206.372
28.749 206.403
28.773 206.435
28.797 206.465
28.822 206.497
28.846 206.528
28.916 206.228
28.941 206.259
28.965 206.290
28.989 206.322
29.013 206.352
29.038 206.383
29.062 206.414
29.086 206.445
29.110 206.476
29.134 206.507
29.159 206.537
29.183 206.568
29.207 206.599
29.231 206.629
29.256 206.660
29.280 206.691
29.304 206.721
29.328 206.751
29.352 206.781
29.377 206.812
29.447 206.516
29.471 206.547
29.496 206.577
29.520 206.608
29.544 206.638
29.568 206.668
29.593 206.698
29.617 206.729
29.641 206.759
29.665 206.788
29.689 206.818
29.714 206.848
29.738 206.878
29.762 206.908
29.786 206.938
29.811 206.968
29.835 206.997
29.859 207.026
29.883 207.056
29.907 207.086
29.978 206.796
30.002 206.825
30.026 206.854
30.051 206.884
30.075 206.914
30.099 206.943
30.123 206.972
30.148 207.002
30.172 207.031
30.196 207.060
30.220 207.089
30.244 207.119
30.269 207.148
30.293 207.176
30.317 207.206
30.341 207.235
30.366 207.264
30.390 207.292
30.414 207.321
30.438 207.350
30.509 207.064
30.533 207.093
30.557 207.122
30.581 207.151
30.606 207.180
30.630 207.208
30.654 207.237
30.678 207.266
30.703 207.294
30.727 207.322
30.751 207.351
30.775 207.380
30.799 207.408
30.824 207.436
30.848 207.464
30.872 207.493
30.896 207.521
30.921 207.549
30.945 207.577
30.969 207.606
31.040 207.324
31.064 207.352
31.088 207.380
31.112 207.408
31.136 207.437
31.161 207.464
31.185 207.492
31.209 207.520
31.233 207.548
31.258 207.576
31.282 207.604
31.306 207.632
31.330 207.660
31.355 207.687
31.379 207.715
31.403 207.742
31.427 207.770
31.451 207.798
31.476 207.825
31.500 207.852
31.570 207.575
31.595 207.602
31.619 207.630
31.643 207.657
31.667 207.685
31.692 207.712
31.716 207.739
31.740 207.767
31.764 207.794
31.788 207.821
31.813 207.848
31.837 207.875
31.861 207.903
31.885 207.930
31.910 207.956
31.934 207.983
31.958 208.010
31.982 208.038
32.006 208.064
32.031 208.091
32.101 207.818
32.125 207.844
32.150 207.871
32.174 207.898
32.198 207.925
32.222 207.951
32.246 207.978
32.271 208.005
32.295 208.032
32.319 208.058
32.343 208.084
32.368 208.111
32.392 208.138
32.416 208.164
32.440 208.190
32.465 208.217
32.489 208.243
32.513 208.269
32.537 208.295
32.561 208.322
32.632 208.052
32.656 208.078
32.680 208.104
32.705 208.131
32.729 208.157
32.753 208.183
32.777 208.209
32.801 208.235
32.826 208.261
32.850 208.288
32.874 208.313
32.898 208.339
32.923 208.365
32.947 208.391
32.971 208.416
32.995 208.442
33.020 208.468
33.044 208.494
33.068 208.519
33.092 208.545
33.163 208.279
33.187 208.305
33.211 208.331
33.235 208.356
33.260 208.382
33.284 208.408
33.308 208.433
33.332 208.458
33.356 208.484
33.381 208.510
33.405 208.534
33.429 208.560
33.453 208.585
33.478 208.611
33.502 208.636
33.526 208.661
33.550 208.686
33.575 208.711
33.599 208.736
33.623 208.761
33.694 208.500
33.718 208.525
33.742 208.549
33.766 208.575
33.790 208.600
33.815 208.625
33.839 208.649
33.863 208.675
33.887 208.700
33.911 208.725
33.936 208.749
33.960 208.774
33.984 208.799
34.008 208.824
34.033 208.848
34.057 208.873
34.081 208.897
34.105 208.922
34.130 208.946
34.154 208.971
34.224 208.713
34.248 208.737
34.273 208.762
34.297 208.786
34.321 208.811
34.345 208.836
34.370 208.859
34.394 208.884
34.418 208.909
34.442 208.933
34.467 208.957
34.491 208.981
34.515 209.006
34.539 209.030
34.563 209.054
34.588 209.078
34.612 209.102
34.636 209.126
34.660 209.150
34.685 209.174
34.755 208.919
34.779 208.944
34.804 208.967
34.828 208.991
34.852 209.016
34.876 209.040
34.901 209.063
34.925 209.087
34.949 209.111
34.973 209.135
34.997 209.159
35.022 209.182
35.046 209.206
35.070 209.230
35.094 209.254
35.118 209.277
35.143 209.301
35.167 209.324
35.191 209.348
35.215 209.371
35.286 209.120
35.310 209.144
35.334 209.167
35.359 209.190
35.383 209.214
35.407 209.238
35.431 209.261
35.456 209.284
35.480 209.308
35.504 209.331
35.528 209.355
35.552 209.377
35.577 209.401
35.601 209.424
35.625 209.447
35.649 209.470
35.673 209.493
35.698 209.517
35.722 209.540
35.746 209.562
35.817 209.314
35.841 209.338
35.865 209.361
35.889 209.384
35.914 209.407
35.938 209.430
35.962 209.453
35.986 209.475
36.011 209.498
36.035 209.521
36.059 209.544
36.083 209.567
36.107 209.590
36.132 209.612
36.156 209.635
36.180 209.658
36.204 209.680
36.228 209.703
36.253 209.726
36.277 209.748
36.347 209.503
36.372 209.526
36.396 209.549
36.420 209.571
36.444 209.594
36.469 209.616
36.493 209.639
36.517 209.661
36.541 209.684
36.566 209.706
36.590 209.729
36.614 209.750
36.638 209.773
36.662 209.795
36.687 209.818
36.711 209.840
36.735 209.862
36.759 209.884
36.783 209.906
36.808 209.928
36.878 209.687
36.903 209.709
36.927 209.731
36.951 209.753
36.975 209.775
36.999 209.798
37.024 209.820
37.048 209.841
37.072 209.863
37.096 209.886
37.120 209.908
37.145 209.929
37.169 209.951
37.193 209.973
37.217 209.995
37.242 210.016
37.266 210.038
37.290 210.060
37.314 210.082
37.339 210.104
37.409 209.865
37.433 209.887
37.458 209.909
37.482 209.930
37.506 209.952
37.530 209.974
37.554 209.995
37.579 210.017
37.603 210.038
37.627 210.060
37.651 210.082
37.676 210.103
37.700 210.124
37.724 210.146
37.748 210.167
37.772 210.189
37.797 210.210
37.821 210.231
37.845 210.253
37.869 210.274
37.940 210.038
37.964 210.060
37.988 210.081
38.013 210.102
38.037 210.123
38.061 210.145
38.085 210.166
38.109 210.187
38.134 210.208
38.158 210.229
38.182 210.251
38.206 210.272
38.231 210.293
38.255 210.314
38.279 210.335
38.303 210.356
38.328 210.376
38.352 210.397
38.376 210.419
38.400 210.440
38.471 210.207
38.495 210.228
38.519 210.249
38.543 210.269
38.568 210.290
38.592 210.311
38.616 210.332
38.640 210.353
38.664 210.373
38.689 210.394
38.713 210.415
38.737 210.436
38.761 210.456
38.786 210.477
38.810 210.498
38.834 210.518
38.858 210.539
38.883 210.559
38.907 210.580
38.931 210.601
39.002 210.371
39.026 210.391
39.050 210.412
39.074 210.433
39.098 210.453
39.123 210.473
39.147 210.494
39.171 210.514
39.195 210.534
39.219 210.555
39.244 210.575
39.268 210.596
39.292 210.616
39.316 210.636
39.341 210.656
39.365 210.677
39.389 210.696
39.413 210.717
39.438 210.737
39.462 210.757
39.532 210.530
39.556 210.550
39.581 210.571
39.605 210.591
39.629 210.611
39.653 210.631
39.678 210.651
39.702 210.671
39.726 210.691
39.750 210.711
39.775 210.731
39.799 210.751
39.823 210.771
39.847 210.791
39.871 210.811
39.896 210.831
39.920 210.850
39.944 210.870
39.968 210.890
39.992 210.910
40.063 210.685
40.087 210.705
40.111 210.725
40.136 210.745
40.160 210.764
40.184 210.784
40.208 210.804
40.233 210.824
40.257 210.843
40.281 210.863
40.305 210.883
40.330 210.902
40.354 210.922
40.378 210.941
40.402 210.961
40.426 210.980
40.451 211.000
40.475 211.019
40.499 211.039
40.523 211.058
40.594 210.836
40.618 210.856
40.642 210.876
40.666 210.895
40.691 210.914
40.715 210.934
40.739 210.953
40.763 210.973
40.788 210.992
40.812 211.011
40.836 211.030
40.860 211.050
40.885 211.069
40.909 211.088
40.933 211.107
40.957 211.126
40.981 211.146
41.006 211.164
41.030 211.184
41.054 211.203
41.125 210.984
41.149 211.003
41.173 211.022
41.197 211.041
41.222 211.060
41.246 211.079
41.270 211.098
41.294 211.118
41.318 211.137
41.343 211.155
41.367 211.174
41.391 211.193
41.415 211.212
41.440 211.231
41.464 211.250
41.488 211.269
41.512 211.288
41.536 211.306
41.561 211.325
41.585 211.344
41.656 211.127
41.680 211.146
41.704 211.165
41.728 211.184
41.752 211.203
41.777 211.221
41.801 211.240
41.825 211.259
41.849 211.278
41.873 211.296
41.898 211.315
41.922 211.333
41.946 211.352
41.970 211.370
41.995 211.389
42.019 211.407
42.043 211.426
42.067 211.444
42.092 211.463
42.116 211.481
42.186 211.268
42.211 211.286
42.235 211.304
42.259 211.323
42.283 211.341
42.307 211.359
42.332 211.378
42.356 211.396
42.380 211.415
42.404 211.433
42.428 211.451
42.453 211.470
42.477 211.488
42.501 211.506
42.525 211.524
42.550 211.543
42.574 211.561
42.598 211.579
42.622 211.597
42.647 211.615
42.717 211.404
42.741 211.422
42.766 211.440
42.790 211.458
42.814 211.477
42.838 211.494
42.862 211.513
42.887 211.531
42.911 211.549
42.935 211.567
42.959 211.585
42.983 211.603
43.008 211.621
43.032 211.638
43.056 211.657
43.080 211.675
43.105 211.693
43.129 211.710
43.153 211.728
43.177 211.746
43.248 211.537
43.272 211.555
43.296 211.573
43.321 211.591
43.345 211.609
43.369 211.626
43.393 211.644
43.417 211.662
43.442 211.680
43.466 211.697
43.490 211.715
43.514 211.733
43.538 211.750
43.563 211.768
43.587 211.785
43.611 211.803
43.635 211.821
43.660 211.839
43.684 211.856
43.708 211.873
43.779 211.667
43.803 211.684
43.827 211.702
43.851 211.720
43.876 211.737
43.900 211.754
43.924 211.772
43.948 211.790
43.972 211.807
43.997 211.824
44.021 211.842
44.045 211.859
44.069 211.877
44.093 211.894
44.118 211.911
44.142 211.929
44.166 211.946
44.190 211.964
44.215 211.981
44.239 211.998
44.309 211.794
44.334 211.811
44.358 211.828
44.382 211.846
44.406 211.863
44.431 211.880
44.455 211.897
44.479 211.914
44.503 211.932
44.527 211.949
44.552 211.966
44.576 211.983
44.600 212.000
44.624 212.018
44.649 212.034
44.673 212.051
44.697 212.069
44.721 212.086
44.745 212.102
44.770 212.119
44.840 211.917
44.864 211.934
44.889 211.951
44.913 211.968
44.937 211.986
44.961 212.003
44.986 212.019
45.010 212.036
45.034 212.053
45.058 212.070
45.083 212.087
45.107 212.104
45.131 212.121
45.155 212.138
45.179 212.154
45.204 212.171
45.228 212.188
45.252 212.205
45.276 212.221
45.300 212.238
45.371 212.038
45.395 212.055
45.419 212.072
45.444 212.088
45.468 212.105
45.492 212.122
45.516 212.139
45.541 212.155
45.565 212.172
45.589 212.189
45.613 212.205
45.638 212.222
45.662 212.239
45.686 212.255
45.710 212.271
45.734 212.288
45.759 212.305
45.783 212.321
45.807 212.337
45.831 212.354
45.902 212.156
45.926 212.173
45.950 212.189
45.974 212.206
45.999 212.222
46.023 212.239
46.047 212.255
46.071 212.272
46.096 212.288
46.120 212.305
46.144 212.321
46.168 212.337
46.193 212.354
46.217 212.370
46.241 212.386
46.265 212.402
46.289 212.419
46.314 212.435
46.338 212.451
46.362 212.467
46.433 212.272
46.457 212.288
46.481 212.304
46.505 212.320
46.529 212.337
46.554 212.353
46.578 212.369
46.602 212.385
46.626 212.401
46.651 212.418
46.675 212.434
46.699 212.450
46.723 212.466
46.748 212.482
46.772 212.498
46.796 212.514
46.820 212.530
46.844 212.546
46.869 212.562
46.893 212.578
46.963 212.384
46.988 212.401
47.012 212.416
47.036 212.432
47.060 212.449
47.084 212.465
47.109 212.480
47.133 212.496
47.157 212.512
47.181 212.528
47.206 212.544
47.230 212.560
47.254 212.576
47.278 212.592
47.303 212.608
47.327 212.623
47.351 212.639
47.375 212.655
47.399 212.671
47.424 212.686
47.494 212.495
47.518 212.511
47.543 212.526
47.567 212.542
47.591 212.558
47.615 212.574
47.639 212.589
47.664 212.605
47.688 212.621
47.712 212.636
47.736 212.652
47.761 212.667
47.785 212.683
47.809 212.699
47.833 212.715
47.858 212.730
47.882 212.746
47.906 212.761
47.930 212.777
47.955 212.792
48.025 212.602
48.049 212.618
48.073 212.634
48.098 212.649
48.122 212.665
48.146 212.680
48.170 212.696
48.195 212.711
48.219 212.727
48.243 212.742
48.267 212.758
48.291 212.773
48.316 212.788
48.340 212.804
48.364 212.819
48.388 212.834
48.413 212.850
48.437 212.865
48.461 212.881
48.485 212.896
48.556 212.708
48.580 212.723
48.604 212.739
48.629 212.754
48.653 212.769
48.677 212.785
48.701 212.800
48.725 212.815
48.750 212.830
48.774 212.846
48.798 212.861
48.822 212.876
48.846 212.891
48.871 212.906
48.895 212.922
48.919 212.936
48.943 212.952
48.968 212.967
48.992 212.982
49.016 212.997
49.087 212.811
49.111 212.826
49.135 212.842
49.159 212.856
49.184 212.872
49.208 212.887
49.232 212.902
49.256 212.917
49.280 212.932
49.305 212.947
49.329 212.962
49.353 212.977
49.377 212.992
49.401 213.007
49.426 213.022
49.450 213.036
49.474 213.051
49.498 213.066
49.523 213.081
49.547 213.096
49.617 212.912
49.642 212.927
49.666 212.942
49.690 212.957
49.714 212.972
49.739 212.987
49.763 213.002
49.787 213.016
49.811 213.031
49.835 213.046
49.860 213.061
49.884 213.075
49.908 213.090
49.932 213.105
49.956 213.120
49.981 213.135
50.005 213.149
50.029 213.164
50.053 213.179
50.078 213.193
50.148 213.011
50.172 213.026
50.197 213.040
50.221 213.055
50.245 213.070
50.269 213.084
50.294 213.099
50.318 213.114
50.342 213.128
50.366 213.143
50.390 213.158
50.415 213.172
50.439 213.186
50.463 213.201
50.487 213.216
50.511 213.230
50.536 213.245
50.560 213.259
50.584 213.274
50.608 213.288
50.679 213.108
50.703 213.122
50.727 213.137
50.752 213.151
50.776 213.166
50.800 213.180
50.824 213.195
50.849 213.209
50.873 213.223
50.897 213.238
50.921 213.252
50.945 213.267
50.970 213.281
50.994 213.295
51.018 213.310
51.042 213.324
51.067 213.338
51.091 213.353
51.115 213.367
51.139 213.381
51.210 213.202
51.234 213.217
51.258 213.231
51.282 213.246
51.307 213.259
51.331 213.274
51.355 213.288
51.379 213.303
51.404 213.316
51.428 213.331
51.452 213.345
51.476 213.359
51.501 213.373
51.525 213.387
51.549 213.402
51.573 213.416
51.597 213.430
51.622 213.444
51.646 213.458
51.670 213.472
51.741 213.295
51.765 213.309
51.789 213.324
51.813 213.338
51.837 213.352
51.862 213.366
51.886 213.380
51.910 213.394
51.934 213.408
51.959 213.422
51.983 213.436
52.007 213.450
52.031 213.464
52.056 213.478
52.080 213.492
52.104 213.506
52.128 213.520
52.152 213.534
52.177 213.548
52.201 213.562
52.271 213.386
52.296 213.400
52.320 213.414
52.344 213.428
52.368 213.442
52.392 213.456
52.417 213.470
52.441 213.484
52.465 213.497
52.489 213.511
52.514 213.525
52.538 213.539
52.562 213.552
52.586 213.566
52.611 213.580
52.635 213.594
52.659 213.608
52.683 213.621
52.707 213.635
52.732 213.649
52.802 213.475
52.826 213.489
52.851 213.503
52.875 213.517
52.899 213.530
52.923 213.544
52.947 213.558
52.972 213.571
52.996 213.585
53.020 213.599
53.044 213.612
53.069 213.626
53.093 213.640
53.117 213.653
53.141 213.667
53.166 213.680
53.190 213.694
53.214 213.707
53.238 213.721
53.262 213.735
53.333 213.562
53.357 213.576
53.381 213.590
53.406 213.603
53.430 213.617
53.454 213.630
53.478 213.644
53.502 213.658
53.527 213.671
53.551 213.684
53.575 213.698
53.599 213.711
53.624 213.725
53.648 213.738
53.672 213.752
53.696 213.765
53.721 213.779
53.745 213.792
53.769 213.805
53.793 213.819
53.864 213.648
53.888 213.661
53.912 213.675
53.936 213.688
53.961 213.702
53.985 213.715
54.009 213.728
54.033 213.742
54.057 213.755
54.082 213.768
54.106 213.782
54.130 213.795
54.154 213.809
54.179 213.821
54.203 213.835
54.227 213.848
54.251 213.862
54.276 213.874
54.300 213.888
54.324 213.901
54.395 213.732
54.419 213.745
54.443 213.759
54.467 213.772
54.491 213.785
54.516 213.798
54.540 213.811
54.564 213.825
54.588 213.838
54.613 213.851
54.637 213.864
54.661 213.877
54.685 213.890
54.709 213.903
54.734 213.916
54.758 213.930
54.782 213.943
54.806 213.956
54.831 213.969
54.855 213.982
54.925 213.815
54.950 213.827
54.974 213.841
54.998 213.854
55.022 213.867
55.047 213.880
55.071 213.893
55.095 213.906
55.119 213.919
55.143 213.932
55.168 213.945
55.192 213.958
55.216 213.971
55.240 213.983
55.264 213.996
55.289 214.009
55.313 214.022
55.337 214.035
55.361 214.048
55.386 214.061
55.456 213.895
55.480 213.908
55.505 213.921
55.529 213.934
55.553 213.947
55.577 213.959
55.602 213.972
55.626 213.985
55.650 213.998
55.674 214.011
55.698 214.024
55.723 214.037
55.747 214.050
55.771 214.062
55.795 214.075
55.819 214.088
55.844 214.101
55.868 214.113
55.892 214.126
55.916 214.139
55.987 213.974
56.011 213.987
56.035 214.000
56.060 214.013
56.084 214.025
56.108 214.038
56.132 214.051
56.157 214.063
56.181 214.076
56.205 214.089
56.229 214.101
56.253 214.114
56.278 214.127
56.302 214.140
56.326 214.152
56.350 214.165
56.374 214.177
56.399 214.190
56.423 214.202
56.447 214.215
56.518 214.052
56.542 214.064
56.566 214.077
56.590 214.090
56.615 214.103
56.639 214.115
56.663 214.127
56.687 214.140
56.712 214.153
56.736 214.165
56.760 214.178
56.784 214.190
56.808 214.203
56.833 214.215
56.857 214.228
56.881 214.240
56.905 214.253
56.929 214.265
56.954 214.277
56.978 214.290
57.048 214.128
57.073 214.141
57.097 214.153
57.121 214.166
57.145 214.178
57.170 214.191
57.194 214.203
57.218 214.215
57.242 214.228
57.267 214.240
57.291 214.252
57.315 214.265
57.339 214.277
57.363 214.290
57.388 214.302
57.412 214.314
57.436 214.326
57.460 214.339
57.485 214.351
57.509 214.363
57.579 214.203
57.603 214.216
57.628 214.228
57.652 214.240
57.676 214.252
57.700 214.265
57.725 214.277
57.749 214.289
57.773 214.301
57.797 214.314
57.822 214.326
57.846 214.338
57.870 214.350
57.894 214.363
57.919 214.375
57.943 214.387
57.967 214.399
57.991 214.411
58.015 214.423
58.040 214.435
58.110 214.277
58.134 214.289
58.159 214.301
58.183 214.313
58.207 214.325
58.231 214.338
58.255 214.349
58.280 214.362
58.304 214.374
58.328 214.386
58.352 214.398
58.377 214.410
58.401 214.422
58.425 214.434
58.449 214.446
58.474 214.458
58.498 214.470
58.522 214.482
58.546 214.494
58.570 214.506
58.641 214.349
58.665 214.361
58.689 214.373
58.714 214.385
58.738 214.397
58.762 214.409
58.786 214.421
58.810 214.433
58.835 214.445
58.859 214.457
58.883 214.469
58.907 214.481
58.932 214.493
58.956 214.505
58.980 214.517
59.004 214.528
59.029 214.540
59.053 214.552
59.077 214.564
59.101 214.576
59.172 214.420
59.196 214.432
59.220 214.443
59.244 214.455
59.269 214.467
59.293 214.479
59.317 214.491
59.341 214.503
59.365 214.515
59.390 214.526
59.414 214.538
59.438 214.550
59.462 214.562
59.487 214.574
59.511 214.586
59.535 214.597
59.559 214.609
59.584 214.621
59.608 214.633
59.632 214.644
59.703 214.489
59.727 214.501
59.751 214.513
59.775 214.524
59.799 214.536
59.824 214.548
59.848 214.560
59.872 214.571
59.896 214.583
59.920 214.595
59.945 214.607
59.969 214.618
59.993 214.630
60.017 214.642
60.042 214.653
60.066 214.665
60.090 214.676
60.114 214.688
60.139 214.700
60.163 214.711
60.233 214.558
60.258 214.569
60.282 214.581
60.306 214.592
60.330 214.604
60.354 214.616
60.379 214.627
60.403 214.639
60.427 214.650
60.451 214.662
60.475 214.674
60.500 214.685
60.524 214.697
60.548 214.708
60.572 214.720
60.597 214.731
60.621 214.743
60.645 214.754
60.669 214.766
60.694 214.777
60.764 214.625
60.788 214.636
60.812 214.648
60.837 214.659
60.861 214.671
60.885 214.682
60.909 214.694
60.934 214.705
60.958 214.717
60.982 214.728
61.006 214.740
61.031 214.751
61.055 214.762
61.079 214.774
61.103 214.785
61.127 214.796
61.152 214.808
61.176 214.819
61.200 214.831
61.224 214.842
61.295 214.691
61.319 214.702
61.343 214.714
61.368 214.725
61.392 214.736
61.416 214.748
61.440 214.759
61.465 214.770
61.489 214.782
61.513 214.793
61.537 214.804
61.561 214.815
61.586 214.827
61.610 214.838
61.634 214.849
61.658 214.861
61.682 214.872
61.707 214.883
61.731 214.894
61.755 214.906
61.826 214.756
61.850 214.767
61.874 214.778
61.898 214.789
61.923 214.801
61.947 214.812
61.971 214.823
61.995 214.834
62.020 214.845
62.044 214.857
62.068 214.868
62.092 214.879
62.116 214.890
62.141 214.901
62.165 214.913
62.189 214.924
62.213 214.935
62.237 214.946
62.262 214.957
62.286 214.968
62.356 214.819
62.381 214.831
62.405 214.842
62.429 214.853
62.453 214.864
62.478 214.875
62.502 214.886
62.526 214.897
62.550 214.908
62.575 214.919
62.599 214.931
62.623 214.942
62.647 214.952
62.671 214.964
62.696 214.975
62.720 214.986
62.744 214.997
62.768 215.008
62.792 215.019
62.817 215.030
62.887 214.882
62.911 214.893
62.936 214.904
62.960 214.915
62.984 214.926
63.008 214.937
63.033 214.948
63.057 214.959
63.081 214.970
63.105 214.981
63.130 214.992
63.154 215.003
63.178 215.014
63.202 215.025
63.226 215.036
63.251 215.047
63.275 215.057
63.299 215.068
63.323 215.079
63.347 215.090
63.418 214.944
63.442 214.955
63.467 214.966
63.491 214.977
63.515 214.987
63.539 214.998
63.563 215.009
63.588 215.020
63.612 215.031
63.636 215.042
63.660 215.053
63.684 215.063
63.709 215.074
63.733 215.085
63.757 215.096
63.781 215.107
63.806 215.117
63.830 215.128
63.854 215.139
63.878 215.150
63.949 215.004
63.973 215.015
63.997 215.026
64.022 215.037
64.046 215.048
64.070 215.058
64.094 215.069
64.118 215.080
64.143 215.090
64.167 215.101
64.191 215.112
64.215 215.123
64.240 215.133
64.264 215.144
64.288 215.155
64.312 215.166
64.337 215.176
64.361 215.187
64.385 215.197
64.409 215.208
64.480 215.064
64.504 215.075
64.528 215.086
64.552 215.096
64.577 215.107
64.601 215.117
64.625 215.128
64.649 215.139
64.674 215.149
64.698 215.160
64.722 215.171
64.746 215.181
64.770 215.192
64.795 215.202
64.819 215.213
64.843 215.224
64.867 215.234
64.891 215.245
64.916 215.255
64.940 215.266
65.010 215.123
65.035 215.133
65.059 215.144
65.083 215.155
65.107 215.165
65.132 215.176
65.156 215.186
65.180 215.197
65.204 215.207
65.228 215.218
65.253 215.228
65.277 215.239
65.301 215.249
65.325 215.260
65.350 215.270
65.374 215.281
65.398 215.291
65.422 215.301
65.447 215.312
65.471 215.322
65.541 215.180
65.566 215.191
65.590 215.201
65.614 215.212
65.638 215.223
65.662 215.233
65.687 215.243
65.711 215.254
65.735 215.264
65.759 215.274
65.784 215.285
65.808 215.295
65.832 215.306
65.856 215.316
65.880 215.326
65.905 215.337
65.929 215.347
65.953 215.357
65.977 215.368
66.001 215.378
66.072 215.237
66.096 215.248
66.121 215.258
66.145 215.268
66.169 215.279
66.193 215.289
66.217 215.299
66.242 215.310
66.266 215.320
66.290 215.330
66.314 215.341
66.338 215.351
66.363 215.361
66.387 215.371
66.411 215.382
66.435 215.392
66.460 215.402
66.484 215.412
66.508 215.423
66.532 215.433
66.603 215.293
66.627 215.303
66.651 215.314
66.675 215.324
66.700 215.334
66.724 215.344
66.748 215.355
66.772 215.365
66.797 215.375
66.821 215.385
66.845 215.395
66.869 215.406
66.894 215.416
66.918 215.426
66.942 215.436
66.966 215.446
66.990 215.456
67.015 215.466
67.039 215.477
67.063 215.487
67.134 215.348
67.158 215.358
67.182 215.368
67.206 215.379
67.231 215.389
67.255 215.399
67.279 215.409
67.303 215.419
67.327 215.429
67.352 215.439
67.376 215.449
67.400 215.460
67.424 215.470
67.449 215.479
67.473 215.490
67.497 215.500
67.521 215.510
67.545 215.520
67.570 215.530
67.594 215.540
67.664 215.402
67.689 215.412
67.713 215.422
67.737 215.433
67.761 215.443
67.786 215.452
67.810 215.462
67.834 215.473
67.858 215.483
67.882 215.492
67.907 215.502
67.931 215.513
67.955 215.523
67.979 215.533
68.004 215.542
68.028 215.552
68.052 215.562
68.076 215.572
68.100 215.582
68.125 215.592
68.195 215.456
68.219 215.465
68.244 215.475
68.268 215.485
68.292 215.496
68.316 215.505
68.341 215.515
68.365 215.525
68.389 215.535
68.413 215.545
68.438 215.555
68.462 215.565
68.486 215.575
68.510 215.585
68.534 215.594
68.559 215.604
68.583 215.614
68.607 215.624
68.631 215.634
68.656 215.644
68.726 215.508
68.750 215.518
68.775 215.528
68.799 215.538
68.823 215.548
68.847 215.557
68.871 215.567
68.896 215.577
68.920 215.587
68.944 215.597
68.968 215.606
68.993 215.616
69.017 215.626
69.041 215.636
69.065 215.645
69.089 215.655
69.114 215.665
69.138 215.675
69.162 215.684
69.186 215.694
69.257 215.560
69.281 215.570
69.305 215.579
69.329 215.589
69.354 215.599
69.378 215.609
69.402 215.618
69.426 215.628
69.451 215.638
69.475 215.648
69.499 215.657
69.523 215.667
69.547 215.677
69.572 215.686
69.596 215.696
69.620 215.706
69.644 215.715
69.669 215.725
69.693 215.734
69.717 215.744
69.788 215.611
69.812 215.620
69.836 215.630
69.860 215.640
69.885 215.649
69.909 215.659
69.933 215.668
69.957 215.678
69.981 215.688
70.006 215.698
70.030 215.707
70.054 215.717
70.078 215.726
70.103 215.736
70.127 215.745
70.151 215.755
70.175 215.765
70.199 215.774
70.224 215.784
70.248 215.793
70.318 215.661
70.343 215.670
70.367 215.680
70.391 215.689
70.415 215.699
70.439 215.709
70.464 215.718
70.488 215.728
70.512 215.737
70.536 215.747
70.561 215.756
70.585 215.766
70.609 215.775
70.633 215.785
70.658 215.794
70.682 215.804
70.706 215.813
70.730 215.823
70.754 215.832
70.779 215.842
70.849 215.710
70.873 215.720
70.898 215.729
70.922 215.739
70.946 215.748
70.970 215.758
70.995 215.767
71.019 215.776
71.043 215.786
71.067 215.795
71.091 215.805
71.116 215.814
71.140 215.824
71.164 215.833
71.188 215.843
71.213 215.852
71.237 215.861
71.261 215.871
71.285 215.880
71.309 215.889
71.380 215.759
71.404 215.768
71.428 215.777
71.453 215.787
71.477 215.796
71.501 215.806
71.525 215.815
71.550 215.824
71.574 215.834
71.598 215.843
71.622 215.853
71.647 215.862
71.671 215.871
71.695 215.881
71.719 215.890
71.743 215.899
71.768 215.908
71.792 215.918
71.816 215.927
71.840 215.936
71.911 215.807
71.935 215.816
71.959 215.825
71.984 215.835
72.008 215.844
72.032 215.853
72.056 215.863
72.080 215.872
72.105 215.881
72.129 215.890
72.153 215.900
72.177 215.909
72.201 215.918
72.226 215.927
72.250 215.937
72.274 215.946
72.298 215.955
72.323 215.964
72.347 215.974
72.371 215.983
72.442 215.854
72.466 215.863
72.490 215.872
72.514 215.881
72.538 215.891
72.563 215.900
72.587 215.909
72.611 215.918
72.635 215.928
72.660 215.937
72.684 215.946
72.708 215.955
72.732 215.964
72.757 215.974
72.781 215.983
72.805 215.992
72.829 216.001
72.853 216.010
72.878 216.019
72.902 216.028
72.972 215.900
72.997 215.910
73.021 215.919
73.045 215.928
73.069 215.937
73.094 215.946
73.118 215.955
73.142 215.964
73.166 215.973
73.190 215.983
73.215 215.992
73.239 216.001
73.263 216.010
73.287 216.019
73.311 216.028
73.336 216.037
73.360 216.046
73.384 216.055
73.408 216.064
73.433 216.073
73.503 215.946
73.527 215.955
73.552 215.964
73.576 215.973
73.600 215.982
73.624 215.992
73.648 216.001
73.673 216.009
73.697 216.019
73.721 216.028
73.745 216.037
73.770 216.046
73.794 216.055
73.818 216.064
73.842 216.073
73.867 216.082
73.891 216.091
73.915 216.100
73.939 216.109
73.963 216.118
74.034 215.991
74.058 216.000
74.082 216.009
74.107 216.018
74.131 216.027
74.155 216.036
74.179 216.045
74.204 216.054
74.228 216.063
74.252 216.072
74.276 216.081
74.300 216.090
74.325 216.099
74.349 216.108
74.373 216.117
74.397 216.126
74.422 216.135
74.446 216.144
74.470 216.152
74.494 216.161
74.565 216.036
74.589 216.045
74.613 216.054
74.638 216.063
74.662 216.072
74.686 216.080
74.710 216.089
74.734 216.098
74.759 216.107
74.783 216.116
74.807 216.125
74.831 216.134
74.856 216.142
74.880 216.151
74.904 216.160
74.928 216.169
74.952 216.178
74.977 216.187
75.001 216.196
75.025 216.204
75.096 216.080
75.120 216.089
75.144 216.098
75.168 216.106
75.192 216.115
75.217 216.124
75.241 216.133
75.265 216.142
75.289 216.150
75.314 216.159
75.338 216.168
75.362 216.177
75.386 216.185
75.410 216.194
75.435 216.203
75.459 216.212
75.483 216.221
75.507 216.229
75.532 216.238
75.556 216.247
75.626 216.123
75.651 216.132
75.675 216.141
75.699 216.150
75.723 216.158
75.748 216.167
75.772 216.176
75.796 216.184
75.820 216.193
75.844 216.202
75.869 216.211
75.893 216.219
75.917 216.228
75.941 216.237
75.966 216.245
75.990 216.254
76.014 216.263
76.038 216.271
76.062 216.280
76.087 216.289
76.157 216.166
76.181 216.175
76.206 216.183
76.230 216.192
76.254 216.200
76.278 216.209
76.302 216.218
76.327 216.227
76.351 216.235
76.375 216.244
76.399 216.253
76.424 216.261
76.448 216.270
76.472 216.278
76.496 216.287
76.520 216.296
76.545 216.304
76.569 216.313
76.593 216.321
76.617 216.330
76.688 216.208
76.712 216.217
76.736 216.225
76.761 216.234
76.785 216.242
76.809 216.251
76.833 216.260
76.858 216.268
76.882 216.277
76.906 216.285
76.930 216.294
76.954 216.303
76.979 216.311
77.003 216.319
77.027 216.328
77.051 216.337
77.076 216.345
77.100 216.354
77.124 216.362
77.148 216.371
77.219 216.249
77.243 216.258
77.267 216.267
77.291 216.275
77.316 216.283
77.340 216.292
77.364 216.301
77.388 216.309
77.412 216.318
77.437 216.326
77.461 216.335
77.485 216.343
77.509 216.352
77.534 216.360
77.558 216.369
77.582 216.377
77.606 216.386
77.631 216.394
77.655 216.402
77.679 216.411
77.750 216.290
77.774 216.299
77.798 216.307
77.822 216.316
77.846 216.324
77.871 216.333
77.895 216.341
77.919 216.350
77.943 216.358
77.968 216.366
77.992 216.375
78.016 216.383
78.040 216.392
78.064 216.400
78.089 216.409
78.113 216.417
78.137 216.425
78.161 216.434
78.186 216.442
78.210 216.451
78.280 216.331
78.305 216.339
78.329 216.348
78.353 216.356
78.377 216.365
78.401 216.373
78.426 216.381
78.450 216.390
78.474 216.398
78.498 216.406
78.523 216.415
78.547 216.423
78.571 216.431
78.595 216.440
78.620 216.448
78.644 216.456
78.668 216.465
78.692 216.473
78.716 216.481
78.741 216.490
78.811 216.371
78.835 216.379
78.860 216.387
78.884 216.396
78.908 216.404
78.932 216.412
78.957 216.421
78.981 216.429
79.005 216.437
79.029 216.445
79.053 216.454
79.078 216.462
79.102 216.470
79.126 216.479
79.150 216.487
79.174 216.495
79.199 216.504
79.223 216.512
79.247 216.520
79.271 216.528
79.342 216.410
79.366 216.418
79.390 216.427
79.415 216.435
79.439 216.443
79.463 216.451
79.487 216.460
79.511 216.468
79.536 216.476
79.560 216.484
79.584 216.492
79.608 216.501
79.633 216.509
79.657 216.517
79.681 216.525
79.705 216.533
79.730 216.542
79.754 216.550
79.778 216.558
79.802 216.566
79.873 216.449
79.897 216.457
79.921 216.465
79.945 216.473
79.970 216.482
79.994 216.490
80.018 216.498
80.042 216.506
80.067 216.514
80.091 216.522
80.115 216.531
80.139 216.539
80.163 216.547
80.188 216.555
80.212 216.563
80.236 216.571
80.260 216.579
80.284 216.588
80.309 216.596
80.333 216.604
80.403 216.487
80.428 216.495
80.452 216.503
80.476 216.512
80.500 216.520
80.525 216.528
80.549 216.536
80.573 216.544
80.597 216.552
80.621 216.560
80.646 216.568
80.670 216.576
80.694 216.584
80.718 216.593
80.743 216.600
80.767 216.609
80.791 216.617
80.815 216.625
80.840 216.633
80.864 216.641
80.934 216.525
80.959 216.533
80.983 216.541
81.007 216.549
81.031 216.557
81.055 216.565
81.080 216.573
81.104 216.581
81.128 216.589
81.152 216.597
81.177 216.605
81.201 216.613
81.225 216.621
81.249 216.630
81.273 216.637
81.298 216.645
81.322 216.653
81.346 216.662
81.370 216.669
81.395 216.677
81.465 216.562
81.489 216.570
81.514 216.578
81.538 216.586
81.562 216.594
81.586 216.602
81.611 216.610
81.635 216.618
81.659 216.626
81.683 216.634
81.707 216.642
81.732 216.650
81.756 216.658
81.780 216.666
81.804 216.674
81.829 216.682
81.853 216.690
81.877 216.698
81.901 216.705
81.925 216.713
81.996 216.599
82.020 216.607
82.044 216.615
82.069 216.623
82.093 216.631
82.117 216.639
82.141 216.646
82.165 216.654
82.190 216.662
82.214 216.670
82.238 216.678
82.262 216.686
82.287 216.694
82.311 216.702
82.335 216.710
82.359 216.718
82.383 216.726
82.408 216.733
82.432 216.741
82.456 216.749
82.527 216.635
82.551 216.643
82.575 216.651
82.599 216.659
82.624 216.667
82.648 216.675
82.672 216.682
82.696 216.690
82.721 216.698
82.745 216.706
82.769 216.714
82.793 216.722
82.817 216.730
82.842 216.738
82.866 216.745
82.890 216.753
82.914 216.761
82.939 216.769
82.963 216.777
82.987 216.784
83.058 216.671
83.082 216.679
83.106 216.687
83.130 216.695
83.154 216.702
83.179 216.710
83.203 216.718
83.227 216.726
83.251 216.734
83.275 216.742
83.300 216.749
83.324 216.757
83.348 216.765
83.372 216.773
83.397 216.780
83.421 216.788
83.445 216.796
83.469 216.804
83.493 216.811
83.518 216.819
83.588 216.707
83.612 216.714
83.637 216.722
83.661 216.730
83.685 216.738
83.709 216.745
83.734 216.753
83.758 216.761
83.782 216.769
83.806 216.776
83.831 216.784
83.855 216.792
83.879 216.799
83.903 216.807
83.927 216.815
83.952 216.822
83.976 216.830
84.000 216.838
84.024 216.846
84.049 216.853
84.119 216.742
84.143 216.749
84.168 216.757
84.192 216.765
84.216 216.772
84.240 216.780
84.264 216.788
84.289 216.795
84.313 216.803
84.337 216.811
84.361 216.819
84.386 216.826
84.410 216.834
84.434 216.841
84.458 216.849
84.483 216.857
84.507 216.864
84.531 216.872
84.555 216.880
84.579 216.887
84.650 216.776
84.674 216.784
84.698 216.792
84.723 216.799
84.747 216.807
84.771 216.814
84.795 216.822
84.820 216.829
84.844 216.837
84.868 216.845
84.892 216.852
84.916 216.860
84.941 216.868
84.965 216.875
84.989 216.883
85.013 216.890
85.037 216.898
85.062 216.906
85.086 216.913
85.110 216.921
85.181 216.810
85.205 216.818
85.229 216.826
85.253 216.833
85.278 216.841
85.302 216.848
85.326 216.856
85.350 216.863
85.374 216.871
85.399 216.878
85.423 216.886
85.447 216.893
85.471 216.901
85.496 216.909
85.520 216.916
85.544 216.923
85.568 216.931
85.593 216.939
85.617 216.946
85.641 216.954
85.712 216.844
85.736 216.851
85.760 216.859
85.784 216.866
85.808 216.874
85.833 216.882
85.857 216.889
85.881 216.896
85.905 216.904
85.930 216.912
85.954 216.919
85.978 216.926
86.002 216.934
86.026 216.941
86.051 216.949
86.075 216.957
86.099 216.964
86.123 216.971
86.147 216.979
86.172 216.986
86.242 216.877
86.266 216.885
86.291 216.892
86.315 216.899
86.339 216.907
86.363 216.915
86.388 216.922
86.412 216.929
86.436 216.937
86.460 216.944
86.484 216.952
86.509 216.959
86.533 216.967
86.557 216.974
86.581 216.982
86.606 216.989
86.630 216.996
86.654 217.004
86.678 217.011
86.703 217.019
86.773 216.910
86.797 216.917
86.822 216.925
86.846 216.932
86.870 216.940
86.894 216.947
86.918 216.955
86.943 216.962
86.967 216.969
86.991 216.977
87.015 216.984
87.040 216.992
87.064 216.999
87.088 217.006
87.112 217.014
87.136 217.021
87.161 217.028
87.185 217.036
87.209 217.043
87.233 217.050
87.304 216.942
87.328 216.950
87.352 216.957
87.376 216.965
87.401 216.972
87.425 216.979
87.449 216.987
87.473 216.994
87.498 217.001
87.522 217.009
87.546 217.016
87.570 217.023
87.595 217.031
87.619 217.038
87.643 217.045
87.667 217.053
87.692 217.060
87.716 217.067
87.740 217.074
87.764 217.082
87.835 216.975
87.859 216.982
87.883 216.989
87.907 216.997
87.932 217.004
87.956 217.011
87.980 217.018
88.004 217.026
88.028 217.033
88.053 217.040
88.077 217.048
88.101 217.055
88.125 217.062
88.150 217.069
88.174 217.077
88.198 217.084
88.222 217.091
88.246 217.098
88.271 217.106
88.295 217.113
88.365 217.006
88.390 217.013
88.414 217.021
88.438 217.028
88.462 217.035
88.487 217.042
88.511 217.050
88.535 217.057
88.559 217.064
88.584 217.071
88.608 217.079
88.632 217.086
88.656 217.093
88.680 217.100
88.705 217.108
88.729 217.115
88.753 217.122
88.777 217.129
88.802 217.136
88.826 217.144
88.896 217.037
88.921 217.045
88.945 217.052
88.969 217.059
88.993 217.066
89.017 217.074
89.042 217.081
89.066 217.088
89.090 217.095
89.114 217.102
89.138 217.109
89.163 217.117
89.187 217.124
89.211 217.131
89.235 217.138
89.260 217.145
89.284 217.153
89.308 217.159
89.332 217.167
89.356 217.174
89.427 217.068
89.451 217.076
89.475 217.083
89.500 217.090
89.524 217.097
89.548 217.104
89.572 217.111
89.597 217.119
89.621 217.126
89.645 217.133
89.669 217.140
89.694 217.147
89.718 217.154
89.742 217.161
89.766 217.168
89.790 217.175
89.815 217.183
89.839 217.190
89.863 217.197
89.887 217.204
89.958 217.099
89.982 217.106
90.006 217.113
90.031 217.120
90.055 217.128
90.079 217.134
90.103 217.142
90.127 217.149
90.152 217.156
90.176 217.163
90.200 217.170
90.224 217.177
90.249 217.184
90.273 217.191
90.297 217.198
90.321 217.205
90.345 217.212
90.370 217.219
90.394 217.226
90.418 217.233
90.489 217.129
90.513 217.136
90.537 217.143
90.561 217.150
90.585 217.158
90.610 217.164
90.634 217.172
90.658 217.179
90.682 217.186
90.707 217.193
90.731 217.200
90.755 217.207
90.779 217.214
90.804 217.221
90.828 217.228
90.852 217.235
90.876 217.242
90.900 217.249
90.925 217.256
90.949 217.263
91.019 217.159
91.044 217.166
91.068 217.173
91.092 217.180
91.116 217.187
91.141 217.194
91.165 217.201
91.189 217.208
91.213 217.215
91.237 217.222
91.262 217.229
91.286 217.236
91.310 217.243
91.334 217.250
91.359 217.257
91.383 217.264
91.407 217.271
91.431 217.278
91.456 217.285
91.480 217.292
91.550 217.189
91.575 217.196
91.599 217.203
91.623 217.210
91.647 217.217
91.671 217.223
91.696 217.230
91.720 217.237
91.744 217.244
91.768 217.251
91.793 217.258
91.817 217.265
91.841 217.272
91.865 217.279
91.889 217.286
91.914 217.293
91.938 217.300
91.962 217.307
91.986 217.313
92.010 217.320
92.081 217.218
92.105 217.225
92.129 217.232
92.154 217.239
92.178 217.246
92.202 217.252
92.226 217.259
92.251 217.266
92.275 217.273
92.299 217.280
92.323 217.287
92.347 217.294
92.372 217.301
92.396 217.307
92.420 217.314
92.444 217.321
92.469 217.328
92.493 217.335
92.517 217.342
92.541 217.348
92.612 217.247
92.636 217.253
92.660 217.260
92.684 217.267
92.709 217.274
92.733 217.281
92.757 217.288
92.781 217.295
92.806 217.302
92.830 217.308
92.854 217.315
92.878 217.322
92.903 217.329
92.927 217.336
92.951 217.342
92.975 217.349
92.999 217.356
93.024 217.363
93.048 217.370
93.072 217.376
93.143 217.275
93.167 217.282
93.191 217.289
93.215 217.296
93.240 217.302
93.264 217.309
93.288 217.316
93.312 217.323
93.336 217.330
93.361 217.336
93.385 217.343
93.409 217.350
93.433 217.357
93.457 217.364
93.482 217.370
93.506 217.377
93.530 217.384
93.554 217.391
93.579 217.397
93.603 217.404
93.673 217.303
93.698 217.310
93.722 217.317
93.746 217.324
93.770 217.330
93.794 217.337
93.819 217.344
93.843 217.351
93.867 217.357
93.891 217.364
93.916 217.371
93.940 217.378
93.964 217.384
93.988 217.391
94.013 217.398
94.037 217.404
94.061 217.411
94.085 217.418
94.109 217.425
94.134 217.431
94.204 217.331
94.228 217.338
94.253 217.345
94.277 217.351
94.301 217.358
94.325 217.365
94.350 217.371
94.374 217.378
94.398 217.385
94.422 217.392
94.447 217.398
94.471 217.405
94.495 217.412
94.519 217.418
94.543 217.425
94.568 217.432
94.592 217.438
94.616 217.445
94.640 217.452
94.665 217.458
94.735 217.359
94.759 217.366
94.784 217.372
94.808 217.379
94.832 217.385
94.856 217.392
94.880 217.399
94.905 217.405
94.929 217.412
94.953 217.419
94.977 217.425
95.001 217.432
95.026 217.439
95.050 217.445
95.074 217.452
95.098 217.459
95.123 217.465
95.147 217.472
95.171 217.479
95.195 217.485
95.266 217.386
95.290 217.393
95.314 217.399
95.338 217.406
95.363 217.413
95.387 217.419
95.411 217.426
95.435 217.432
95.460 217.439
95.484 217.446
95.508 217.452
95.532 217.459
95.556 217.465
95.581 217.472
95.605 217.479
95.629 217.485
95.653 217.492
95.678 217.498
95.702 217.505
95.726 217.511
95.797 217.413
95.821 217.420
95.845 217.426
95.869 217.433
95.894 217.439
95.918 217.446
95.942 217.453
95.966 217.459
95.990 217.466
96.015 217.472
96.039 217.479
96.063 217.485
96.087 217.492
96.112 217.498
96.136 217.505
96.160 217.511
96.184 217.518
96.208 217.525
96.233 217.531
96.257 217.538
96.327 217.440
96.352 217.446
96.376 217.453
96.400 217.459
96.424 217.466
96.448 217.472
96.473 217.479
96.497 217.485
96.521 217.492
96.545 217.498
96.570 217.505
96.594 217.511
96.618 217.518
96.642 217.525
96.666 217.531
96.691 217.537
96.715 217.544
96.739 217.551
96.763 217.557
96.788 217.563
96.858 217.466
96.882 217.473
96.907 217.479
96.931 217.485
96.955 217.492
96.979 217.498
97.004 217.505
97.028 217.511
97.052 217.518
97.076 217.524
97.100 217.531
97.125 217.537
97.149 217.544
97.173 217.550
97.197 217.557
97.222 217.563
97.246 217.570
97.270 217.576
97.294 217.583
97.318 217.589
97.389 217.492
97.413 217.499
97.437 217.505
97.462 217.511
97.486 217.518
97.510 217.524
97.534 217.531
97.559 217.537
97.583 217.544
97.607 217.550
97.631 217.557
97.656 217.563
97.680 217.569
97.704 217.576
97.728 217.582
97.752 217.589
97.777 217.595
97.801 217.602
97.825 217.608
97.849 217.614
97.920 217.518
97.944 217.524
97.968 217.531
97.993 217.537
98.017 217.543
98.041 217.550
98.065 217.556
98.089 217.563
98.114 217.569
98.138 217.576
98.162 217.582
98.186 217.588
98.210 217.595
98.235 217.601
98.259 217.608
98.283 217.614
98.307 217.620
98.332 217.627
98.356 217.633
98.380 217.639
98.451 217.543
98.475 217.550
98.499 217.556
98.523 217.562
98.547 217.569
98.572 217.575
98.596 217.582
98.620 217.588
98.644 217.594
98.669 217.601
98.693 217.607
98.717 217.613
98.741 217.620
98.766 217.626
98.790 217.632
98.814 217.639
98.838 217.645
98.862 217.651
98.887 217.658
98.911 217.664
98.981 217.568
99.006 217.575
99.030 217.581
99.054 217.588
99.078 217.594
99.103 217.600
99.127 217.607
99.151 217.613
99.175 217.619
99.199 217.626
99.224 217.632
99.248 217.638
99.272 217.644
99.296 217.651
99.320 217.657
99.345 217.663
99.369 217.670
99.393 217.676
99.417 217.682
99.442 217.689
99.512 217.593
99.536 217.600
99.561 217.606
99.585 217.613
99.609 217.619
99.633 217.625
99.657 217.631
99.682 217.638
99.706 217.644
99.730 217.650
99.754 217.656
99.779 217.663
99.803 217.669
99.827 217.675
99.851 217.682
99.876 217.688
99.900 217.694
99.924 217.700
99.948 217.707
99.972 217.713
