0.253 0.154
0.796 11.137
0.832 21.258
1.339 19.808
1.375 25.706
1.411 31.302
1.448 36.615
1.882 32.860
1.918 36.843
1.954 40.678
1.990 44.371
2.027 47.934
2.063 51.373
2.099 54.692
2.135 57.897
2.425 54.632
2.461 57.416
2.497 60.119
2.533 62.742
2.570 65.294
2.606 67.775
2.642 70.188
2.678 72.536
2.714 74.818
2.751 77.043
2.787 79.210
2.823 81.321
2.859 83.377
2.896 85.383
2.932 87.340
2.968 89.249
3.004 91.109
3.040 92.928
3.077 94.704
3.113 96.439
3.149 98.131
3.185 99.787
3.221 101.406
3.258 102.989
3.294 104.534
3.330 106.049
3.366 107.531
3.403 108.981
3.439 110.398
3.475 111.789
3.511 113.150
3.547 114.484
3.584 115.791
3.620 117.069
3.656 118.324
3.692 119.555
3.729 120.762
3.765 121.943
3.801 123.104
3.837 124.243
3.873 125.361
3.910 126.455
3.946 127.532
3.982 128.590
4.018 129.628
4.055 130.645
4.091 131.647
4.127 132.631
4.163 133.599
4.200 134.546
4.236 135.480
4.272 136.399
4.308 137.302
4.345 138.187
4.381 139.060
4.417 139.919
4.453 140.764
4.489 141.595
4.526 142.410
4.562 143.215
4.598 144.008
4.634 144.788
4.670 145.553
4.707 146.309
4.743 147.054
4.779 147.787
4.815 148.506
4.852 149.218
4.888 149.919
4.924 150.610
4.960 151.287
4.997 151.958
5.033 152.619
5.069 153.271
5.105 153.910
5.141 154.544
5.178 155.168
5.214 155.784
5.250 156.388
5.286 156.987
5.322 157.578
5.359 158.161
5.395 158.736
5.431 159.301
5.467 159.861
5.504 160.413
5.540 160.959
5.576 161.494
5.612 162.026
5.649 162.550
5.685 163.068
5.721 163.576
5.757 164.081
5.793 164.580
5.830 165.072
5.866 165.556
5.902 166.036
5.938 166.510
5.974 166.979
6.011 167.439
6.047 167.897
6.083 168.349
6.119 168.796
6.156 169.235
6.192 169.671
6.228 170.102
6.264 170.529
6.301 170.950
6.337 171.364
6.373 171.776
6.409 172.183
6.445 172.586
6.482 172.981
6.518 173.375
6.554 173.764
6.590 174.149
6.627 174.527
6.663 174.904
6.699 175.277
6.735 175.646
6.771 176.008
6.808 176.369
6.844 176.726
6.880 177.079
6.916 177.426
6.953 177.772
6.989 178.114
7.025 178.453
7.061 178.786
7.098 179.118
7.134 179.446
7.170 179.772
7.206 180.094
7.242 180.410
7.279 180.726
7.315 181.038
7.351 181.348
7.387 181.651
7.423 181.955
7.460 182.255
7.496 182.553
7.532 182.845
7.568 183.137
7.605 183.426
7.641 183.713
7.677 183.994
7.713 184.275
7.750 184.553
7.786 184.829
7.822 185.100
7.858 185.371
7.894 185.639
7.931 185.905
7.967 186.166
8.003 186.427
8.039 186.685
8.075 186.942
8.112 187.196
8.148 187.445
8.184 187.695
8.220 187.942
8.257 188.188
8.293 188.428
8.329 188.669
8.365 188.908
8.402 189.145
8.438 189.378
8.474 189.610
8.510 189.841
8.546 190.070
8.583 190.295
8.619 190.520
8.655 190.743
8.691 190.964
8.728 191.181
8.764 191.399
8.800 191.615
8.836 191.829
8.873 192.039
8.909 192.250
8.945 192.459
8.981 192.666
9.017 192.871
9.054 193.073
9.090 193.276
9.126 193.476
9.162 193.675
9.198 193.871
9.235 194.067
9.271 194.261
9.307 194.454
9.343 194.644
9.380 194.834
9.416 195.022
9.452 195.209
9.488 195.393
9.524 195.577
9.561 195.760
9.597 195.941
9.633 196.119
9.669 196.298
9.706 196.476
9.742 196.652
9.778 196.825
9.814 196.998
9.851 197.170
9.887 197.341
9.923 197.511
9.959 197.678
9.995 197.845
10.032 198.011
10.068 198.176
10.104 198.338
10.140 198.500
10.177 198.662
10.213 198.822
10.249 198.979
10.285 199.137
10.321 199.294
10.358 199.450
10.394 199.603
10.430 199.756
10.466 199.909
10.502 200.060
10.539 200.209
10.575 200.358
10.611 200.507
10.647 200.654
10.684 200.799
10.720 200.944
10.756 201.089
10.792 201.232
10.829 201.375
10.865 201.514
10.901 201.655
10.937 201.795
10.973 201.934
11.010 202.070
11.046 202.207
11.082 202.343
11.118 202.478
11.155 202.610
11.191 202.744
11.227 202.877
11.263 203.008
11.300 203.137
11.336 203.268
11.372 203.397
11.408 203.525
11.444 203.651
11.481 203.778
11.517 203.904
11.553 204.029
11.589 204.152
11.626 204.275
11.662 204.398
11.698 204.521
11.734 204.642
11.770 204.761
11.807 204.881
11.843 205.000
11.879 205.118
11.915 205.234
11.951 205.351
11.988 205.468
12.024 205.583
12.060 205.697
12.096 205.811
12.133 205.924
12.169 206.037
12.205 206.148
12.241 206.259
12.277 206.370
12.314 206.481
12.350 206.588
12.386 206.697
12.422 206.806
12.459 206.913
12.495 207.019
12.531 207.125
12.567 207.231
12.604 207.336
12.640 207.441
12.676 207.543
12.712 207.647
12.748 207.750
12.785 207.852
12.821 207.952
12.857 208.053
12.893 208.154
12.930 208.254
12.966 208.352
13.002 208.451
13.038 208.549
13.074 208.647
13.111 208.742
13.147 208.839
13.183 208.935
13.219 209.031
13.256 209.124
13.292 209.219
13.328 209.313
13.364 209.407
13.400 209.498
13.437 209.591
13.473 209.683
13.509 209.775
13.545 209.866
13.582 209.955
13.618 210.045
13.654 210.135
13.690 210.224
13.726 210.311
13.763 210.399
13.799 210.487
13.835 210.575
13.871 210.660
13.908 210.746
13.944 210.832
13.980 210.918
14.016 211.002
14.053 211.086
14.089 211.170
14.125 211.254
14.161 211.336
14.197 211.419
14.234 211.502
14.270 211.584
14.306 211.664
14.342 211.745
14.379 211.826
14.415 211.907
14.451 211.987
14.487 212.065
14.523 212.144
14.560 212.223
14.596 212.302
14.632 212.378
14.668 212.456
14.704 212.533
14.741 212.610
14.777 212.685
14.813 212.762
14.849 212.837
14.886 212.913
14.922 212.987
14.958 213.061
14.994 213.136
15.030 213.210
15.067 213.282
15.103 213.355
15.139 213.428
15.175 213.501
15.212 213.572
15.248 213.644
15.284 213.715
15.320 213.787
15.357 213.857
15.393 213.927
15.429 213.997
15.465 214.067
15.501 214.136
15.538 214.204
15.574 214.273
15.610 214.342
15.646 214.410
15.683 214.477
15.719 214.545
15.755 214.612
15.791 214.679
15.828 214.744
15.864 214.811
15.900 214.877
15.936 214.943
15.972 215.007
16.009 215.072
16.045 215.137
16.081 215.202
16.117 215.265
16.154 215.329
16.190 215.393
16.226 215.457
16.262 215.520
16.298 215.581
16.335 215.644
16.371 215.707
16.407 215.769
16.443 215.829
16.480 215.891
16.516 215.952
16.552 216.013
16.588 216.073
16.624 216.133
16.661 216.194
16.697 216.254
16.733 216.312
16.769 216.371
16.805 216.431
16.842 216.490
16.878 216.547
16.914 216.606
16.950 216.664
16.987 216.722
17.023 216.778
17.059 216.836
17.095 216.893
17.131 216.950
17.168 217.007
17.204 217.062
17.240 217.118
17.276 217.174
17.313 217.230
17.349 217.285
17.385 217.340
17.421 217.395
17.457 217.450
17.494 217.503
17.530 217.558
17.566 217.612
17.602 217.666
17.639 217.719
17.675 217.772
17.711 217.826
17.747 217.879
17.784 217.930
17.820 217.983
17.856 218.036
17.892 218.088
17.928 218.139
17.965 218.190
18.001 218.242
18.037 218.294
18.073 218.345
18.110 218.395
18.146 218.445
18.182 218.496
18.218 218.546
18.255 218.596
18.291 218.646
18.327 218.695
18.363 218.745
18.399 218.793
18.436 218.842
18.472 218.892
18.508 218.940
18.544 218.988
18.581 219.036
18.617 219.085
18.653 219.133
18.689 219.179
18.725 219.227
18.762 219.275
18.798 219.322
18.834 219.368
18.870 219.415
18.907 219.462
18.943 219.509
18.979 219.555
19.015 219.600
19.051 219.646
19.088 219.692
19.124 219.738
19.160 219.783
19.196 219.828
19.233 219.873
19.269 219.918
19.305 219.962
19.341 220.007
19.377 220.051
19.414 220.096
19.450 220.139
19.486 220.183
19.522 220.227
19.558 220.271
19.595 220.313
19.631 220.357
19.667 220.400
19.703 220.443
19.740 220.485
19.776 220.528
19.812 220.570
19.848 220.613
19.884 220.655
19.921 220.696
19.957 220.738
19.993 220.780
20.029 220.822
20.066 220.862
20.102 220.904
20.138 220.945
20.174 220.986
20.211 221.026
20.247 221.067
20.283 221.108
20.319 221.148
20.355 221.188
20.392 221.228
20.428 221.268
20.464 221.308
20.500 221.347
20.537 221.386
20.573 221.426
20.609 221.465
20.645 221.504
20.681 221.543
20.718 221.582
20.754 221.621
20.790 221.659
20.826 221.697
20.863 221.735
20.899 221.774
20.935 221.812
20.971 221.849
21.008 221.887
21.044 221.925
21.080 221.962
21.116 221.999
21.152 222.036
21.189 222.074
21.225 222.111
21.261 222.147
21.297 222.184
21.334 222.221
21.370 222.257
21.406 222.293
21.442 222.329
21.478 222.365
21.515 222.402
21.551 222.437
21.587 222.473
21.623 222.508
21.660 222.544
21.696 222.580
21.732 222.614
21.768 222.650
21.804 222.685
21.841 222.720
21.877 222.754
21.913 222.789
21.949 222.824
21.985 222.858
22.022 222.892
22.058 222.926
22.094 222.960
22.130 222.995
22.167 223.028
22.203 223.062
22.239 223.096
22.275 223.129
22.312 223.162
22.348 223.196
22.384 223.229
22.420 223.262
22.456 223.295
22.493 223.328
22.529 223.361
22.565 223.394
22.601 223.426
22.638 223.458
22.674 223.491
22.710 223.523
22.746 223.556
22.782 223.587
22.819 223.619
22.855 223.651
22.891 223.683
22.927 223.714
22.964 223.746
23.000 223.777
23.036 223.809
23.072 223.840
23.108 223.871
23.145 223.902
23.181 223.933
23.217 223.963
23.253 223.994
23.290 224.025
23.326 224.056
23.362 224.086
23.398 224.117
23.434 224.147
23.471 224.177
23.507 224.208
23.543 224.237
23.579 224.267
23.616 224.297
23.652 224.327
23.688 224.356
23.724 224.386
23.761 224.416
23.797 224.445
23.833 224.474
23.869 224.503
23.905 224.532
23.942 224.562
23.978 224.590
24.014 224.619
24.050 224.648
24.087 224.677
24.123 224.705
24.159 224.733
24.195 224.762
24.231 224.791
24.268 224.818
24.304 224.847
24.340 224.875
24.376 224.903
24.413 224.931
24.449 224.958
24.485 224.986
24.521 225.014
24.557 225.042
24.594 225.069
24.630 225.096
24.666 225.124
24.702 225.151
24.739 225.178
24.775 225.205
24.811 225.232
24.847 225.260
24.884 225.286
24.920 225.313
24.956 225.340
24.992 225.367
25.028 225.392
25.065 225.419
25.101 225.446
25.137 225.472
25.173 225.498
25.209 225.524
25.246 225.550
25.282 225.577
25.318 225.603
25.354 225.628
25.391 225.654
25.427 225.680
25.463 225.706
25.499 225.731
25.535 225.756
25.572 225.782
25.608 225.808
25.644 225.832
25.680 225.858
25.717 225.883
25.753 225.908
25.789 225.933
25.825 225.958
25.861 225.983
25.898 226.008
25.934 226.032
25.970 226.057
26.006 226.082
26.043 226.106
26.079 226.130
26.115 226.155
26.151 226.179
26.188 226.204
26.224 226.228
26.260 226.252
26.296 226.276
26.332 226.300
26.369 226.324
26.405 226.347
26.441 226.371
26.477 226.395
26.514 226.419
26.550 226.442
26.586 226.466
26.622 226.489
26.658 226.513
26.695 226.536
26.731 226.559
26.767 226.583
26.803 226.606
26.840 226.628
26.876 226.652
26.912 226.675
26.948 226.698
26.985 226.720
27.021 226.743
27.057 226.766
27.093 226.789
27.129 226.812
27.166 226.834
27.202 226.856
27.238 226.879
27.274 226.901
27.311 226.923
27.347 226.946
27.383 226.968
27.419 226.990
27.455 227.012
27.492 227.034
27.528 227.056
27.564 227.078
27.600 227.099
27.637 227.121
27.673 227.143
27.709 227.165
27.745 227.186
27.781 227.208
27.818 227.229
27.854 227.251
27.890 227.272
27.926 227.293
27.962 227.315
27.999 227.336
28.035 227.358
28.071 227.378
28.107 227.399
28.144 227.420
28.180 227.442
28.216 227.462
28.252 227.483
28.288 227.504
28.325 227.525
28.361 227.545
28.397 227.566
28.433 227.586
28.470 227.607
28.506 227.627
28.542 227.648
28.578 227.668
28.614 227.689
28.651 227.708
28.687 227.729
28.723 227.749
28.759 227.769
28.796 227.789
28.832 227.809
28.868 227.829
28.904 227.849
28.941 227.869
28.977 227.888
29.013 227.908
29.049 227.928
29.085 227.948
29.122 227.967
29.158 227.987
29.194 228.007
29.230 228.026
29.267 228.045
29.303 228.065
29.339 228.084
29.375 228.104
29.412 228.122
29.448 228.141
29.484 228.161
29.520 228.180
29.556 228.199
29.593 228.218
29.629 228.237
29.665 228.256
29.701 228.274
29.738 228.293
29.774 228.312
29.810 228.331
29.846 228.350
29.882 228.368
29.919 228.387
29.955 228.405
29.991 228.424
30.027 228.442
30.064 228.460
30.100 228.479
30.136 228.497
30.172 228.515
30.208 228.534
30.245 228.552
30.281 228.570
30.317 228.588
30.353 228.606
30.390 228.624
30.426 228.642
30.462 228.660
30.498 228.678
30.534 228.696
30.571 228.714
30.607 228.731
30.643 228.749
30.679 228.767
30.715 228.784
30.752 228.802
30.788 228.819
30.824 228.837
30.860 228.854
30.897 228.872
30.933 228.889
30.969 228.906
31.005 228.924
31.041 228.941
31.078 228.958
31.114 228.975
31.150 228.993
31.186 229.010
31.223 229.026
31.259 229.044
31.295 229.061
31.331 229.078
31.368 229.094
31.404 229.111
31.440 229.128
31.476 229.145
31.512 229.161
31.549 229.178
31.585 229.195
31.621 229.212
31.657 229.229
31.694 229.245
31.730 229.261
31.766 229.278
31.802 229.295
31.838 229.310
31.875 229.327
31.911 229.343
31.947 229.360
31.983 229.376
32.020 229.392
32.056 229.408
32.092 229.425
32.128 229.440
32.164 229.456
32.201 229.473
32.237 229.489
32.273 229.504
32.309 229.520
32.346 229.536
32.382 229.552
32.418 229.568
32.454 229.584
32.490 229.600
32.527 229.615
32.563 229.631
32.599 229.646
32.635 229.662
32.672 229.678
32.708 229.694
32.744 229.709
32.780 229.724
32.816 229.740
32.853 229.755
32.889 229.770
32.925 229.786
32.961 229.801
32.998 229.817
33.034 229.831
33.070 229.847
33.106 229.862
33.142 229.877
33.179 229.892
33.215 229.907
33.251 229.922
33.287 229.938
33.324 229.952
33.360 229.967
33.396 229.982
33.432 229.997
33.468 230.012
33.505 230.027
33.541 230.041
33.577 230.056
33.613 230.071
33.650 230.085
33.686 230.100
33.722 230.115
33.758 230.130
33.795 230.144
33.831 230.158
33.867 230.173
33.903 230.188
33.940 230.202
33.976 230.216
34.012 230.231
34.048 230.245
34.084 230.259
34.121 230.274
34.157 230.288
34.193 230.302
34.229 230.316
34.266 230.330
34.302 230.345
34.338 230.359
34.374 230.373
34.410 230.387
34.447 230.401
34.483 230.415
34.519 230.429
34.555 230.442
34.592 230.456
34.628 230.471
34.664 230.485
34.700 230.498
34.736 230.512
34.773 230.526
34.809 230.540
34.845 230.553
34.881 230.567
34.917 230.580
34.954 230.594
34.990 230.607
35.026 230.621
35.062 230.635
35.099 230.648
35.135 230.661
35.171 230.675
35.207 230.688
35.243 230.702
35.280 230.715
35.316 230.728
35.352 230.742
35.388 230.755
35.425 230.769
35.461 230.781
35.497 230.795
35.533 230.808
35.569 230.821
35.606 230.834
35.642 230.847
35.678 230.860
35.714 230.873
35.751 230.886
35.787 230.899
35.823 230.912
35.859 230.925
35.896 230.938
35.932 230.951
35.968 230.964
36.004 230.977
36.041 230.989
36.077 231.002
36.113 231.015
36.149 231.028
36.185 231.041
36.222 231.053
36.258 231.066
36.294 231.078
36.330 231.091
36.367 231.103
36.403 231.116
36.439 231.129
36.475 231.141
36.511 231.153
36.548 231.166
36.584 231.178
36.620 231.191
36.656 231.203
36.693 231.215
36.729 231.228
36.765 231.240
36.801 231.252
36.837 231.264
36.874 231.277
36.910 231.289
36.946 231.301
36.982 231.313
37.019 231.325
37.055 231.338
37.091 231.350
37.127 231.362
37.163 231.374
37.200 231.386
37.236 231.398
37.272 231.409
37.308 231.422
37.344 231.434
37.381 231.446
37.417 231.457
37.453 231.469
37.489 231.481
37.526 231.493
37.562 231.504
37.598 231.516
37.634 231.528
37.670 231.540
37.707 231.551
37.743 231.563
37.779 231.575
37.815 231.587
37.852 231.598
37.888 231.609
37.924 231.621
37.960 231.633
37.996 231.644
38.033 231.656
38.069 231.667
38.105 231.679
38.141 231.690
38.178 231.701
38.214 231.713
38.250 231.724
38.286 231.736
38.323 231.747
38.359 231.758
38.395 231.769
38.431 231.781
38.468 231.792
38.504 231.803
38.540 231.814
38.576 231.826
38.612 231.836
38.649 231.848
38.685 231.859
38.721 231.870
38.757 231.881
38.794 231.892
38.830 231.903
38.866 231.914
38.902 231.925
38.938 231.936
38.975 231.947
39.011 231.958
39.047 231.969
39.083 231.979
39.120 231.990
39.156 232.001
39.192 232.012
39.228 232.023
39.264 232.034
39.301 232.045
39.337 232.055
39.373 232.066
39.409 232.077
39.446 232.087
39.482 232.098
39.518 232.108
39.554 232.119
39.590 232.130
39.627 232.141
39.663 232.151
39.699 232.161
39.735 232.172
39.772 232.183
39.808 232.193
39.844 232.203
39.880 232.214
39.916 232.225
39.953 232.235
39.989 232.245
40.025 232.256
40.061 232.266
40.097 232.277
40.134 232.286
40.170 232.297
40.206 232.307
40.242 232.318
40.279 232.328
40.315 232.338
40.351 232.348
40.387 232.359
40.424 232.368
40.460 232.379
40.496 232.389
40.532 232.399
40.569 232.409
40.605 232.419
40.641 232.429
40.677 232.439
40.713 232.450
40.750 232.459
40.786 232.469
40.822 232.479
40.858 232.489
40.895 232.499
40.931 232.509
40.967 232.519
41.003 232.529
41.039 232.539
41.076 232.549
41.112 232.558
41.148 232.568
41.184 232.578
41.221 232.588
41.257 232.598
41.293 232.608
41.329 232.617
41.365 232.627
41.402 232.637
41.438 232.646
41.474 232.656
41.510 232.665
41.547 232.675
41.583 232.685
41.619 232.695
41.655 232.704
41.691 232.713
41.728 232.723
41.764 232.733
41.800 232.742
41.836 232.751
41.873 232.761
41.909 232.771
41.945 232.780
41.981 232.789
42.017 232.799
42.054 232.808
42.090 232.817
42.126 232.827
42.162 232.836
42.199 232.846
42.235 232.855
42.271 232.864
42.307 232.874
42.343 232.883
42.380 232.892
42.416 232.901
42.452 232.910
42.488 232.920
42.525 232.929
42.561 232.938
42.597 232.947
42.633 232.956
42.669 232.966
42.706 232.974
42.742 232.984
42.778 232.993
42.814 233.002
42.851 233.011
42.887 233.020
42.923 233.029
42.959 233.038
42.995 233.047
43.032 233.056
43.068 233.065
43.104 233.074
43.140 233.083
43.177 233.092
43.213 233.101
43.249 233.110
43.285 233.118
43.322 233.127
43.358 233.136
43.394 233.145
43.430 233.154
43.466 233.162
43.503 233.171
43.539 233.180
43.575 233.189
43.611 233.197
43.648 233.206
43.684 233.215
43.720 233.224
43.756 233.232
43.792 233.241
43.829 233.250
43.865 233.258
43.901 233.267
43.937 233.275
43.974 233.284
44.010 233.293
44.046 233.301
44.082 233.310
44.118 233.318
44.155 233.327
44.191 233.335
44.227 233.344
44.263 233.352
44.300 233.361
44.336 233.370
44.372 233.378
44.408 233.386
44.444 233.395
44.481 233.403
44.517 233.411
44.553 233.420
44.589 233.428
44.626 233.437
44.662 233.445
44.698 233.453
44.734 233.461
44.770 233.470
44.807 233.478
44.843 233.486
44.879 233.495
44.915 233.503
44.952 233.511
44.988 233.519
45.024 233.527
45.060 233.536
45.096 233.543
45.133 233.552
45.169 233.560
45.205 233.568
45.241 233.577
45.278 233.584
45.314 233.592
45.350 233.601
45.386 233.609
45.422 233.616
45.459 233.625
45.495 233.633
45.531 233.641
45.567 233.649
45.604 233.657
45.640 233.665
45.676 233.673
45.712 233.680
45.748 233.689
45.785 233.697
45.821 233.705
45.857 233.712
45.893 233.720
45.930 233.728
45.966 233.736
46.002 233.744
46.038 233.752
46.075 233.759
46.111 233.767
46.147 233.775
46.183 233.783
46.219 233.791
46.256 233.799
46.292 233.806
46.328 233.814
46.364 233.822
46.401 233.829
46.437 233.837
46.473 233.845
46.509 233.852
46.545 233.860
46.582 233.868
46.618 233.875
46.654 233.883
46.690 233.891
46.727 233.898
46.763 233.906
46.799 233.913
46.835 233.921
46.871 233.929
46.908 233.936
46.944 233.944
46.980 233.951
47.016 233.959
47.053 233.967
47.089 233.974
47.125 233.981
47.161 233.989
47.197 233.996
47.234 234.004
47.270 234.011
47.306 234.019
47.342 234.026
47.379 234.033
47.415 234.041
47.451 234.048
47.487 234.056
47.523 234.063
47.560 234.070
47.596 234.078
47.632 234.085
47.668 234.092
47.705 234.099
47.741 234.107
47.777 234.114
47.813 234.121
47.849 234.128
47.886 234.136
47.922 234.143
47.958 234.151
47.994 234.157
48.031 234.165
48.067 234.172
48.103 234.179
48.139 234.186
48.175 234.193
48.212 234.201
48.248 234.208
48.284 234.215
48.320 234.222
48.357 234.229
48.393 234.236
48.429 234.243
48.465 234.250
48.502 234.257
48.538 234.265
48.574 234.271
48.610 234.278
48.646 234.286
48.683 234.293
48.719 234.299
48.755 234.306
48.791 234.314
48.828 234.321
48.864 234.328
48.900 234.334
48.936 234.341
48.972 234.348
49.009 234.355
49.045 234.362
49.081 234.369
49.117 234.376
49.154 234.383
49.190 234.389
49.226 234.396
49.262 234.403
49.298 234.410
49.335 234.417
49.371 234.424
49.407 234.431
49.443 234.438
49.480 234.444
49.516 234.451
49.552 234.458
49.588 234.465
49.624 234.471
49.661 234.478
49.697 234.485
49.733 234.492
49.769 234.498
49.806 234.505
49.842 234.512
49.878 234.518
49.914 234.525
49.950 234.531
49.987 234.538
50.023 234.545
50.059 234.552
50.095 234.558
50.132 234.565
50.168 234.571
50.204 234.578
50.240 234.584
50.276 234.591
50.313 234.598
50.349 234.604
50.385 234.611
50.421 234.617
50.458 234.624
50.494 234.630
50.530 234.637
50.566 234.643
50.602 234.650
50.639 234.656
50.675 234.663
50.711 234.669
50.747 234.676
50.784 234.682
50.820 234.689
50.856 234.695
50.892 234.701
50.928 234.708
50.965 234.714
51.001 234.720
51.037 234.727
51.073 234.733
51.110 234.740
51.146 234.746
51.182 234.752
51.218 234.759
51.255 234.765
51.291 234.771
51.327 234.778
51.363 234.784
51.399 234.790
51.436 234.796
51.472 234.803
51.508 234.809
51.544 234.815
51.581 234.822
51.617 234.828
51.653 234.834
51.689 234.840
51.725 234.847
51.762 234.853
51.798 234.859
51.834 234.865
51.870 234.871
51.907 234.877
51.943 234.884
51.979 234.890
52.015 234.896
52.051 234.902
52.088 234.908
52.124 234.914
52.160 234.920
52.196 234.926
52.233 234.932
52.269 234.939
52.305 234.945
52.341 234.951
52.377 234.957
52.414 234.963
52.450 234.969
52.486 234.975
52.522 234.981
52.559 234.987
52.595 234.993
52.631 234.999
52.667 235.005
52.703 235.011
52.740 235.017
52.776 235.023
52.812 235.029
52.848 235.035
52.885 235.041
52.921 235.047
52.957 235.052
52.993 235.058
53.029 235.064
53.066 235.070
53.102 235.076
53.138 235.082
53.174 235.088
53.211 235.094
53.247 235.100
53.283 235.105
53.319 235.111
53.355 235.117
53.392 235.123
53.428 235.129
53.464 235.135
53.500 235.141
53.537 235.147
53.573 235.152
53.609 235.158
53.645 235.164
53.681 235.170
53.718 235.175
53.754 235.181
53.790 235.187
53.826 235.193
53.863 235.198
53.899 235.204
53.935 235.210
53.971 235.215
54.008 235.221
54.044 235.227
54.080 235.232
54.116 235.238
54.153 235.243
54.189 235.249
54.225 235.255
54.261 235.261
54.297 235.267
54.334 235.272
54.370 235.278
54.406 235.283
54.442 235.289
54.478 235.294
54.515 235.300
54.551 235.306
54.587 235.311
54.623 235.317
54.660 235.322
54.696 235.328
54.732 235.334
54.768 235.339
54.804 235.344
54.841 235.350
54.877 235.356
54.913 235.361
54.949 235.366
54.986 235.372
55.022 235.378
55.058 235.383
55.094 235.388
55.130 235.394
55.167 235.399
55.203 235.405
55.239 235.410
55.275 235.416
55.312 235.421
55.348 235.427
55.384 235.432
55.420 235.437
55.456 235.443
55.493 235.448
55.529 235.453
55.565 235.459
55.601 235.464
55.638 235.470
55.674 235.475
55.710 235.480
55.746 235.486
55.782 235.491
55.819 235.496
55.855 235.502
55.891 235.507
55.927 235.512
55.964 235.517
56.000 235.523
56.036 235.528
56.072 235.534
56.108 235.539
56.145 235.544
56.181 235.549
56.217 235.555
56.253 235.560
56.290 235.565
56.326 235.570
56.362 235.576
56.398 235.581
56.435 235.586
56.471 235.591
56.507 235.597
56.543 235.602
56.580 235.607
56.616 235.612
56.652 235.617
56.688 235.623
56.724 235.627
56.761 235.633
56.797 235.638
56.833 235.643
56.869 235.648
56.906 235.653
56.942 235.658
56.978 235.664
57.014 235.669
57.050 235.674
57.087 235.679
57.123 235.684
57.159 235.689
57.195 235.694
57.231 235.699
57.268 235.704
57.304 235.709
57.340 235.714
57.376 235.719
57.413 235.724
57.449 235.730
57.485 235.734
57.521 235.739
57.557 235.745
57.594 235.750
57.630 235.754
57.666 235.759
57.702 235.765
57.739 235.770
57.775 235.774
57.811 235.779
57.847 235.784
57.883 235.789
57.920 235.795
57.956 235.799
57.992 235.804
58.028 235.809
58.065 235.814
58.101 235.819
58.137 235.824
58.173 235.829
58.209 235.834
58.246 235.838
58.282 235.843
58.318 235.848
58.354 235.853
58.391 235.858
58.427 235.863
58.463 235.868
58.499 235.873
58.536 235.877
58.572 235.882
58.608 235.887
58.644 235.892
58.681 235.897
58.717 235.902
58.753 235.907
58.789 235.911
58.825 235.916
58.862 235.921
58.898 235.926
58.934 235.931
58.970 235.936
59.007 235.940
59.043 235.945
59.079 235.950
59.115 235.955
59.151 235.959
59.188 235.964
59.224 235.969
59.260 235.973
59.296 235.978
59.333 235.983
59.369 235.988
59.405 235.992
59.441 235.997
59.477 236.002
59.514 236.006
59.550 236.011
59.586 236.015
59.622 236.020
59.658 236.025
59.695 236.030
59.731 236.035
59.767 236.039
59.803 236.044
59.840 236.048
59.876 236.053
59.912 236.057
59.948 236.062
59.984 236.067
60.021 236.072
60.057 236.076
60.093 236.081
60.129 236.085
60.166 236.090
60.202 236.094
60.238 236.099
60.274 236.104
60.310 236.108
60.347 236.112
60.383 236.117
60.419 236.122
60.455 236.126
60.492 236.131
60.528 236.135
60.564 236.140
60.600 236.145
60.636 236.149
60.673 236.153
60.709 236.158
60.745 236.163
60.781 236.167
60.818 236.171
60.854 236.176
60.890 236.181
60.926 236.185
60.963 236.189
60.999 236.194
61.035 236.198
61.071 236.203
61.108 236.207
61.144 236.212
61.180 236.216
61.216 236.221
61.252 236.225
61.289 236.229
61.325 236.234
61.361 236.238
61.397 236.242
61.434 236.247
61.470 236.251
61.506 236.256
61.542 236.260
61.578 236.264
61.615 236.269
61.651 236.273
61.687 236.278
61.723 236.282
61.760 236.286
61.796 236.291
61.832 236.295
61.868 236.299
61.904 236.304
61.941 236.308
61.977 236.313
62.013 236.317
62.049 236.321
62.086 236.325
62.122 236.330
62.158 236.334
62.194 236.338
62.230 236.343
62.267 236.347
62.303 236.351
62.339 236.355
62.375 236.360
62.411 236.364
62.448 236.368
62.484 236.372
62.520 236.377
62.556 236.381
62.593 236.385
62.629 236.389
62.665 236.394
62.701 236.398
62.737 236.402
62.774 236.406
62.810 236.411
62.846 236.415
62.882 236.419
62.919 236.423
62.955 236.427
62.991 236.432
63.027 236.436
63.064 236.440
63.100 236.444
63.136 236.448
63.172 236.453
63.209 236.456
63.245 236.461
63.281 236.465
63.317 236.469
63.353 236.473
63.390 236.477
63.426 236.481
63.462 236.486
63.498 236.490
63.535 236.494
63.571 236.498
63.607 236.502
63.643 236.506
63.679 236.510
63.716 236.514
63.752 236.518
63.788 236.523
63.824 236.526
63.861 236.531
63.897 236.535
63.933 236.539
63.969 236.543
64.005 236.547
64.042 236.551
64.078 236.555
64.114 236.559
64.150 236.563
64.186 236.567
64.223 236.571
64.259 236.575
64.295 236.579
64.331 236.583
64.368 236.587
64.404 236.591
64.440 236.595
64.476 236.599
64.513 236.603
64.549 236.607
64.585 236.611
64.621 236.615
64.657 236.619
64.694 236.623
64.730 236.627
64.766 236.631
64.802 236.635
64.838 236.639
64.875 236.643
64.911 236.647
64.947 236.651
64.983 236.655
65.020 236.658
65.056 236.662
65.092 236.666
65.128 236.670
65.165 236.674
65.201 236.678
65.237 236.682
65.273 236.686
65.309 236.690
65.346 236.694
65.382 236.698
65.418 236.702
65.454 236.706
65.491 236.709
65.527 236.713
65.563 236.717
65.599 236.721
65.635 236.725
65.672 236.729
65.708 236.732
65.744 236.736
65.780 236.740
65.817 236.744
65.853 236.748
65.889 236.752
65.925 236.755
65.962 236.759
65.998 236.763
66.034 236.767
66.070 236.771
66.106 236.774
66.143 236.778
66.179 236.782
66.215 236.786
66.251 236.790
66.287 236.793
66.324 236.797
66.360 236.801
66.396 236.805
66.432 236.809
66.469 236.812
66.505 236.816
66.541 236.820
66.577 236.824
66.614 236.827
66.650 236.831
66.686 236.835
66.722 236.838
66.758 236.842
66.795 236.846
66.831 236.850
66.867 236.853
66.903 236.857
66.939 236.861
66.976 236.865
67.012 236.868
67.048 236.872
67.084 236.876
67.121 236.879
67.157 236.883
67.193 236.887
67.229 236.890
67.266 236.894
67.302 236.898
67.338 236.901
67.374 236.905
67.410 236.909
67.447 236.912
67.483 236.916
67.519 236.920
67.555 236.923
67.592 236.927
67.628 236.930
67.664 236.934
67.700 236.938
67.737 236.941
67.773 236.945
67.809 236.949
67.845 236.952
67.881 236.956
67.918 236.959
67.954 236.963
67.990 236.967
68.026 236.970
68.062 236.974
68.099 236.977
68.135 236.981
68.171 236.985
68.207 236.988
68.244 236.992
68.280 236.995
68.316 236.999
68.352 237.002
68.388 237.006
68.425 237.010
68.461 237.013
68.497 237.016
68.533 237.020
68.570 237.024
68.606 237.027
68.642 237.031
68.678 237.034
68.715 237.038
68.751 237.041
68.787 237.045
68.823 237.048
68.859 237.052
68.896 237.055
68.932 237.059
68.968 237.062
69.004 237.066
69.040 237.069
69.077 237.073
69.113 237.076
69.149 237.080
69.185 237.083
69.222 237.087
69.258 237.090
69.294 237.093
69.330 237.097
69.367 237.101
69.403 237.104
69.439 237.107
69.475 237.111
69.511 237.114
69.548 237.117
69.584 237.121
69.620 237.125
69.656 237.128
69.692 237.132
69.729 237.135
69.765 237.138
69.801 237.142
69.837 237.145
69.874 237.148
69.910 237.152
69.946 237.155
69.982 237.159
70.019 237.162
70.055 237.165
70.091 237.169
70.127 237.172
70.163 237.175
70.200 237.179
70.236 237.182
70.272 237.186
70.308 237.189
70.345 237.192
70.381 237.196
70.417 237.199
70.453 237.202
70.490 237.206
70.526 237.209
70.562 237.212
70.598 237.216
70.634 237.219
70.671 237.222
70.707 237.226
70.743 237.229
70.779 237.232
70.816 237.236
70.852 237.239
70.888 237.242
70.924 237.245
70.960 237.249
70.997 237.252
71.033 237.256
71.069 237.259
71.105 237.262
71.141 237.265
71.178 237.269
71.214 237.272
71.250 237.275
71.286 237.278
71.323 237.282
71.359 237.285
71.395 237.288
71.431 237.291
71.468 237.295
71.504 237.298
71.540 237.301
71.576 237.304
71.612 237.308
71.649 237.311
71.685 237.314
71.721 237.317
71.757 237.321
71.793 237.324
71.830 237.327
71.866 237.330
71.902 237.334
71.938 237.337
71.975 237.340
72.011 237.343
72.047 237.346
72.083 237.350
72.120 237.353
72.156 237.356
72.192 237.359
72.228 237.362
72.264 237.365
72.301 237.369
72.337 237.372
72.373 237.375
72.409 237.378
72.446 237.381
72.482 237.384
72.518 237.388
72.554 237.391
72.591 237.394
72.627 237.397
72.663 237.400
72.699 237.404
72.735 237.406
72.772 237.410
72.808 237.413
72.844 237.416
72.880 237.419
72.916 237.422
72.953 237.425
72.989 237.429
73.025 237.431
73.061 237.435
73.098 237.438
73.134 237.441
73.170 237.444
73.206 237.447
73.243 237.450
73.279 237.453
73.315 237.457
73.351 237.459
73.387 237.463
73.424 237.466
73.460 237.469
73.496 237.472
73.532 237.475
73.569 237.478
73.605 237.481
73.641 237.484
73.677 237.487
73.713 237.490
73.750 237.493
73.786 237.496
73.822 237.499
73.858 237.502
73.894 237.506
73.931 237.508
73.967 237.511
74.003 237.515
74.039 237.518
74.076 237.520
74.112 237.524
74.148 237.527
74.184 237.530
74.221 237.533
74.257 237.536
74.293 237.539
74.329 237.542
74.365 237.545
74.402 237.548
74.438 237.551
74.474 237.554
74.510 237.557
74.547 237.560
74.583 237.563
74.619 237.566
74.655 237.569
74.692 237.571
74.728 237.575
74.764 237.578
74.800 237.581
74.836 237.583
74.873 237.586
74.909 237.589
74.945 237.592
74.981 237.595
75.017 237.598
75.054 237.601
75.090 237.604
75.126 237.607
75.162 237.610
75.199 237.613
75.235 237.616
75.271 237.619
75.307 237.622
75.344 237.625
75.380 237.628
75.416 237.631
75.452 237.633
75.488 237.636
75.525 237.639
75.561 237.642
75.597 237.645
75.633 237.648
75.669 237.651
75.706 237.654
75.742 237.657
75.778 237.660
75.814 237.663
75.851 237.665
75.887 237.668
75.923 237.671
75.959 237.674
75.996 237.677
76.032 237.680
76.068 237.683
76.104 237.686
76.140 237.688
76.177 237.691
76.213 237.694
76.249 237.697
76.285 237.700
76.322 237.703
76.358 237.705
76.394 237.708
76.430 237.711
76.466 237.714
76.503 237.717
76.539 237.720
76.575 237.723
76.611 237.726
76.648 237.728
76.684 237.731
76.720 237.734
76.756 237.737
76.793 237.739
76.829 237.742
76.865 237.745
76.901 237.748
76.937 237.751
76.974 237.753
77.010 237.756
77.046 237.759
77.082 237.762
77.118 237.765
77.155 237.768
77.191 237.770
77.227 237.773
77.263 237.776
77.300 237.779
77.336 237.782
77.372 237.784
77.408 237.787
77.445 237.790
77.481 237.793
77.517 237.795
77.553 237.798
77.589 237.801
77.626 237.804
77.662 237.806
77.698 237.809
77.734 237.812
77.770 237.815
77.807 237.817
77.843 237.820
77.879 237.823
77.915 237.826
77.952 237.828
77.988 237.831
78.024 237.834
78.060 237.836
78.097 237.839
78.133 237.842
78.169 237.845
78.205 237.847
78.241 237.850
78.278 237.853
78.314 237.855
78.350 237.858
78.386 237.861
78.422 237.864
78.459 237.866
78.495 237.869
78.531 237.872
78.567 237.874
78.604 237.877
78.640 237.880
78.676 237.882
78.712 237.885
78.749 237.888
78.785 237.890
78.821 237.893
78.857 237.896
78.893 237.899
78.930 237.901
78.966 237.904
79.002 237.907
79.038 237.909
79.075 237.912
79.111 237.914
79.147 237.917
79.183 237.920
79.219 237.922
79.256 237.925
79.292 237.928
79.328 237.930
79.364 237.933
79.401 237.936
79.437 237.938
79.473 237.941
79.509 237.943
79.546 237.946
79.582 237.949
79.618 237.951
79.654 237.954
79.690 237.957
79.727 237.959
79.763 237.962
79.799 237.965
79.835 237.967
79.871 237.970
79.908 237.972
79.944 237.975
79.980 237.977
80.016 237.980
80.053 237.983
80.089 237.985
80.125 237.988
80.161 237.990
80.198 237.993
80.234 237.996
80.270 237.998
80.306 238.001
80.342 238.003
80.379 238.006
80.415 238.008
80.451 238.011
80.487 238.014
80.523 238.016
80.560 238.019
80.596 238.021
80.632 238.024
80.668 238.026
80.705 238.029
80.741 238.031
80.777 238.034
80.813 238.037
80.850 238.039
80.886 238.042
80.922 238.044
80.958 238.047
80.994 238.049
81.031 238.052
81.067 238.054
81.103 238.057
81.139 238.059
81.176 238.062
81.212 238.064
81.248 238.067
81.284 238.070
81.320 238.072
81.357 238.074
81.393 238.077
81.429 238.080
81.465 238.082
81.502 238.084
81.538 238.087
81.574 238.090
81.610 238.092
81.647 238.094
81.683 238.097
81.719 238.099
81.755 238.102
81.791 238.104
81.828 238.107
81.864 238.109
81.900 238.112
81.936 238.114
81.972 238.117
82.009 238.119
82.045 238.122
82.081 238.124
82.117 238.127
82.154 238.129
82.190 238.132
82.226 238.134
82.262 238.136
82.299 238.139
82.335 238.141
82.371 238.144
82.407 238.146
82.443 238.149
82.480 238.151
82.516 238.154
82.552 238.156
82.588 238.158
82.624 238.161
82.661 238.163
82.697 238.166
82.733 238.168
82.769 238.171
82.806 238.173
82.842 238.175
82.878 238.178
82.914 238.180
82.951 238.183
82.987 238.185
83.023 238.187
83.059 238.190
83.095 238.192
83.132 238.195
83.168 238.197
83.204 238.200
83.240 238.202
83.276 238.204
83.313 238.207
83.349 238.209
83.385 238.212
83.421 238.214
83.458 238.216
83.494 238.219
83.530 238.221
83.566 238.224
83.603 238.226
83.639 238.228
83.675 238.231
83.711 238.233
83.748 238.235
83.784 238.238
83.820 238.240
83.856 238.242
83.892 238.245
83.929 238.247
83.965 238.249
84.001 238.252
84.037 238.254
84.073 238.256
84.110 238.259
84.146 238.261
84.182 238.264
84.218 238.266
84.255 238.268
84.291 238.271
84.327 238.273
84.363 238.275
84.400 238.278
84.436 238.280
84.472 238.282
84.508 238.284
84.544 238.287
84.581 238.289
84.617 238.292
84.653 238.294
84.689 238.296
84.725 238.299
84.762 238.301
84.798 238.303
84.834 238.305
84.870 238.308
84.907 238.310
84.943 238.312
84.979 238.315
85.015 238.317
85.052 238.319
85.088 238.322
85.124 238.324
85.160 238.326
85.196 238.328
85.233 238.331
85.269 238.333
85.305 238.335
85.341 238.338
85.377 238.340
85.414 238.342
85.450 238.344
85.486 238.347
85.522 238.349
85.559 238.351
85.595 238.353
85.631 238.356
85.667 238.358
85.704 238.360
85.740 238.362
85.776 238.365
85.812 238.367
85.849 238.369
85.885 238.371
85.921 238.374
85.957 238.376
85.993 238.378
86.030 238.380
86.066 238.383
86.102 238.385
86.138 238.387
86.174 238.389
86.211 238.392
86.247 238.394
86.283 238.396
86.319 238.398
86.356 238.401
86.392 238.403
86.428 238.405
86.464 238.407
86.501 238.409
86.537 238.412
86.573 238.414
86.609 238.416
86.645 238.418
86.682 238.421
86.718 238.423
86.754 238.425
86.790 238.427
86.826 238.429
86.863 238.432
86.899 238.434
86.935 238.436
86.971 238.438
87.008 238.440
87.044 238.443
87.080 238.445
87.116 238.447
87.153 238.449
87.189 238.451
87.225 238.453
87.261 238.456
87.297 238.458
87.334 238.460
87.370 238.462
87.406 238.464
87.442 238.467
87.478 238.469
87.515 238.471
87.551 238.473
87.587 238.475
87.623 238.478
87.660 238.479
87.696 238.482
87.732 238.484
87.768 238.486
87.805 238.488
87.841 238.490
87.877 238.493
87.913 238.495
87.949 238.497
87.986 238.499
88.022 238.501
88.058 238.503
88.094 238.506
88.131 238.507
88.167 238.510
88.203 238.512
88.239 238.514
88.275 238.516
88.312 238.518
88.348 238.520
88.384 238.523
88.420 238.524
88.457 238.527
88.493 238.529
88.529 238.531
88.565 238.533
88.602 238.535
88.638 238.537
88.674 238.539
88.710 238.542
88.746 238.544
88.783 238.546
88.819 238.548
88.855 238.550
88.891 238.552
88.927 238.554
88.964 238.556
89.000 238.558
89.036 238.560
89.072 238.563
89.109 238.565
89.145 238.567
89.181 238.569
89.217 238.571
89.254 238.573
89.290 238.575
89.326 238.577
89.362 238.579
89.398 238.581
89.435 238.583
89.471 238.585
89.507 238.587
89.543 238.590
89.579 238.592
89.616 238.594
89.652 238.596
89.688 238.598
89.724 238.600
89.761 238.602
89.797 238.604
89.833 238.606
89.869 238.608
89.906 238.610
89.942 238.612
89.978 238.614
90.014 238.616
90.050 238.619
90.087 238.620
90.123 238.622
90.159 238.625
90.195 238.627
90.232 238.629
90.268 238.631
90.304 238.633
90.340 238.635
90.376 238.637
90.413 238.639
90.449 238.641
90.485 238.643
90.521 238.645
90.558 238.647
90.594 238.649
90.630 238.651
90.666 238.653
90.703 238.655
90.739 238.657
90.775 238.659
90.811 238.661
90.847 238.663
90.884 238.665
90.920 238.667
90.956 238.669
90.992 238.671
91.028 238.673
91.065 238.675
91.101 238.677
91.137 238.679
91.173 238.681
91.210 238.683
91.246 238.685
91.282 238.687
91.318 238.689
91.355 238.691
91.391 238.693
91.427 238.695
91.463 238.697
91.499 238.699
91.536 238.701
91.572 238.703
91.608 238.705
91.644 238.707
91.680 238.709
91.717 238.711
91.753 238.713
91.789 238.715
91.825 238.717
91.862 238.719
91.898 238.721
91.934 238.723
91.970 238.725
92.007 238.727
92.043 238.729
92.079 238.731
92.115 238.733
92.151 238.735
92.188 238.736
92.224 238.738
92.260 238.740
92.296 238.742
92.332 238.744
92.369 238.746
92.405 238.748
92.441 238.750
92.477 238.752
92.514 238.754
92.550 238.756
92.586 238.758
92.622 238.760
92.659 238.762
92.695 238.764
92.731 238.766
92.767 238.768
92.803 238.769
92.840 238.771
92.876 238.773
92.912 238.775
92.948 238.777
92.985 238.779
93.021 238.781
93.057 238.783
93.093 238.785
93.129 238.787
93.166 238.789
93.202 238.791
93.238 238.793
93.274 238.794
93.311 238.796
93.347 238.798
93.383 238.800
93.419 238.802
93.456 238.804
93.492 238.806
93.528 238.808
93.564 238.810
93.600 238.811
93.637 238.813
93.673 238.815
93.709 238.817
93.745 238.819
93.781 238.821
93.818 238.823
93.854 238.825
93.890 238.827
93.926 238.829
93.963 238.830
93.999 238.832
94.035 238.834
94.071 238.836
94.108 238.838
94.144 238.840
94.180 238.842
94.216 238.844
94.252 238.845
94.289 238.847
94.325 238.849
94.361 238.851
94.397 238.853
94.433 238.855
94.470 238.857
94.506 238.858
94.542 238.860
94.578 238.862
94.615 238.864
94.651 238.866
94.687 238.868
94.723 238.870
94.760 238.871
94.796 238.873
94.832 238.875
94.868 238.877
94.904 238.879
94.941 238.881
94.977 238.883
95.013 238.884
95.049 238.886
95.086 238.888
95.122 238.890
95.158 238.892
95.194 238.894
95.231 238.895
95.267 238.897
95.303 238.899
95.339 238.901
95.375 238.903
95.412 238.904
95.448 238.906
95.484 238.908
95.520 238.910
95.556 238.912
95.593 238.914
95.629 238.916
95.665 238.917
95.701 238.919
95.738 238.921
95.774 238.923
95.810 238.924
95.846 238.926
95.882 238.928
95.919 238.930
95.955 238.932
95.991 238.933
96.027 238.935
96.064 238.937
96.100 238.939
96.136 238.941
96.172 238.942
96.209 238.944
96.245 238.946
96.281 238.948
96.317 238.950
96.353 238.951
96.390 238.953
96.426 238.955
96.462 238.957
96.498 238.959
96.534 238.960
96.571 238.962
96.607 238.964
96.643 238.966
96.679 238.968
96.716 238.969
96.752 238.971
96.788 238.973
96.824 238.975
96.861 238.976
96.897 238.978
96.933 238.980
96.969 238.982
97.005 238.984
97.042 238.985
97.078 238.987
97.114 238.989
97.150 238.991
97.187 238.992
97.223 238.994
97.259 238.996
97.295 238.998
97.332 238.999
97.368 239.001
97.404 239.003
97.440 239.005
97.476 239.006
97.513 239.008
97.549 239.010
97.585 239.012
97.621 239.013
97.657 239.015
97.694 239.017
97.730 239.019
97.766 239.020
97.802 239.022
97.839 239.024
97.875 239.025
97.911 239.027
97.947 239.029
97.984 239.031
98.020 239.032
98.056 239.034
98.092 239.036
98.128 239.037
98.165 239.039
98.201 239.041
98.237 239.043
98.273 239.044
98.309 239.046
98.346 239.048
98.382 239.049
98.418 239.051
98.454 239.053
98.491 239.055
98.527 239.056
98.563 239.058
98.599 239.060
98.635 239.062
98.672 239.063
98.708 239.065
98.744 239.067
98.780 239.068
98.817 239.070
98.853 239.072
98.889 239.073
98.925 239.075
98.962 239.077
98.998 239.078
99.034 239.080
99.070 239.082
99.106 239.084
99.143 239.085
99.179 239.087
99.215 239.089
99.251 239.090
99.288 239.092
99.324 239.094
99.360 239.095
99.396 239.097
99.433 239.099
99.469 239.100
99.505 239.102
99.541 239.104
99.577 239.106
99.614 239.107
99.650 239.109
99.686 239.111
99.722 239.112
99.758 239.114
99.795 239.116
99.831 239.117
99.867 239.119
99.903 239.120
99.940 239.122
99.976 239.124
