0.253 0.154
0.792 9.960
0.824 19.095
1.331 17.726
1.363 23.067
1.395 28.162
1.428 33.024
1.870 29.415
1.902 33.045
1.934 36.554
1.966 39.946
1.999 43.231
2.031 46.412
2.063 49.493
2.095 52.477
2.409 48.913
2.441 51.485
2.473 53.989
2.505 56.427
2.538 58.805
2.570 61.124
2.602 63.385
2.634 65.591
2.666 67.741
2.699 69.842
2.731 71.894
2.763 73.898
2.795 75.853
2.828 77.766
2.860 79.636
2.892 81.464
2.947 82.594
2.980 84.337
3.012 86.042
3.044 87.711
3.076 89.342
3.108 90.943
3.141 92.510
3.173 94.046
3.205 95.548
3.237 97.023
3.270 98.469
3.302 99.886
3.334 101.274
3.366 102.637
3.398 103.975
3.431 105.288
3.463 106.573
3.495 107.838
3.527 109.079
3.560 110.298
3.592 111.492
3.624 112.668
3.656 113.823
3.688 114.958
3.721 116.070
3.753 117.167
3.785 118.244
3.817 119.304
3.850 120.345
3.882 121.367
3.914 122.374
3.946 123.365
3.978 124.340
4.011 125.296
4.043 126.241
4.075 127.170
4.107 128.084
4.140 128.982
4.172 129.868
4.204 130.741
4.236 131.601
4.269 132.444
4.301 133.278
4.333 134.100
4.365 134.909
4.397 135.704
4.430 136.490
4.462 137.265
4.494 138.028
4.526 138.778
4.559 139.520
4.591 140.252
4.623 140.973
4.655 141.685
4.688 142.383
4.720 143.076
4.752 143.758
4.784 144.432
4.816 145.093
4.849 145.749
4.881 146.396
4.913 147.035
4.945 147.662
4.978 148.284
5.010 148.899
5.042 149.505
5.074 150.101
5.106 150.692
5.139 151.275
5.171 151.852
5.203 152.418
5.235 152.980
5.268 153.536
5.300 154.084
5.332 154.624
5.364 155.159
5.396 155.688
5.429 156.211
5.461 156.728
5.493 157.236
5.525 157.740
5.558 158.239
5.590 158.732
5.622 159.217
5.654 159.699
5.686 160.175
5.719 160.646
5.751 161.109
5.783 161.570
5.815 162.025
5.848 162.476
5.880 162.919
5.912 163.359
5.944 163.795
5.976 164.227
6.009 164.651
6.041 165.073
6.073 165.490
6.105 165.903
6.138 166.310
6.170 166.714
6.202 167.115
6.234 167.511
6.266 167.903
6.299 168.289
6.331 168.673
6.363 169.053
6.395 169.430
6.428 169.800
6.460 170.169
6.492 170.534
6.524 170.896
6.556 171.252
6.589 171.607
6.621 171.958
6.653 172.306
6.685 172.648
6.718 172.989
6.750 173.327
6.782 173.662
6.814 173.991
6.846 174.319
6.879 174.645
6.911 174.967
6.943 175.284
6.975 175.600
7.008 175.914
7.040 176.225
7.072 176.532
7.104 176.835
7.136 177.137
7.169 177.437
7.201 177.734
7.233 178.026
7.265 178.317
7.298 178.606
7.330 178.893
7.362 179.175
7.394 179.456
7.426 179.735
7.459 180.012
7.491 180.284
7.523 180.556
7.555 180.826
7.588 181.093
7.620 181.356
7.652 181.619
7.684 181.880
7.716 182.138
7.749 182.392
7.781 182.646
7.813 182.899
7.845 183.149
7.878 183.397
7.910 183.641
7.942 183.885
7.974 184.127
8.007 184.367
8.039 184.603
8.071 184.839
8.103 185.073
8.135 185.306
8.168 185.535
8.200 185.764
8.232 185.991
8.264 186.216
8.297 186.437
8.329 186.659
8.361 186.880
8.393 187.098
8.425 187.313
8.458 187.528
8.490 187.741
8.522 187.953
8.554 188.162
8.587 188.370
8.619 188.578
8.651 188.783
8.683 188.987
8.716 189.188
8.748 189.389
8.780 189.589
8.812 189.787
8.844 189.982
8.877 190.177
8.909 190.371
8.941 190.563
8.973 190.753
9.005 190.942
9.038 191.131
9.070 191.318
9.102 191.502
9.134 191.686
9.167 191.869
9.199 192.051
9.231 192.230
9.263 192.409
9.296 192.587
9.328 192.764
9.360 192.938
9.392 193.112
9.424 193.286
9.457 193.458
9.489 193.629
9.521 193.797
9.553 193.965
9.585 194.133
9.618 194.299
9.650 194.462
9.682 194.627
9.714 194.790
9.747 194.952
9.779 195.111
9.811 195.271
9.843 195.430
9.876 195.587
9.908 195.742
9.940 195.898
9.972 196.053
10.004 196.207
10.037 196.357
10.069 196.509
10.101 196.660
10.133 196.810
10.166 196.957
10.198 197.105
10.230 197.252
10.262 197.398
10.294 197.544
10.327 197.686
10.359 197.830
10.391 197.972
10.423 198.114
10.456 198.253
10.488 198.393
10.520 198.532
10.552 198.670
10.585 198.806
10.617 198.942
10.649 199.078
10.681 199.213
10.713 199.345
10.746 199.478
10.778 199.611
10.810 199.743
10.842 199.872
10.874 200.002
10.907 200.131
10.939 200.260
10.971 200.386
11.003 200.513
11.036 200.640
11.068 200.765
11.100 200.890
11.132 201.013
11.165 201.136
11.197 201.259
11.229 201.381
11.261 201.501
11.293 201.621
11.326 201.742
11.358 201.861
11.390 201.978
11.422 202.096
11.454 202.213
11.487 202.330
11.519 202.444
11.551 202.559
11.583 202.674
11.616 202.788
11.648 202.900
11.680 203.013
11.712 203.125
11.745 203.237
11.777 203.346
11.809 203.456
11.841 203.566
11.873 203.675
11.906 203.784
11.938 203.890
11.970 203.998
12.002 204.105
12.034 204.211
12.067 204.315
12.099 204.420
12.131 204.525
12.163 204.629
12.196 204.731
12.228 204.834
12.260 204.936
12.292 205.038
12.325 205.138
12.357 205.239
12.389 205.339
12.421 205.439
12.454 205.536
12.486 205.635
12.518 205.734
12.550 205.831
12.582 205.927
12.615 206.024
12.647 206.120
12.679 206.216
12.711 206.311
12.743 206.404
12.776 206.499
12.808 206.592
12.840 206.686
12.872 206.777
12.905 206.870
12.937 206.962
12.969 207.053
13.001 207.143
13.034 207.233
13.066 207.324
13.098 207.413
13.130 207.501
13.162 207.590
13.195 207.678
13.227 207.766
13.259 207.853
13.291 207.940
13.323 208.026
13.356 208.113
13.388 208.197
13.420 208.283
13.452 208.368
13.485 208.452
13.517 208.537
13.549 208.619
13.581 208.703
13.614 208.786
13.646 208.868
13.678 208.949
13.710 209.031
13.742 209.113
13.775 209.194
13.807 209.273
13.839 209.354
13.871 209.434
13.903 209.513
13.936 209.591
13.968 209.670
14.000 209.749
14.032 209.827
14.065 209.903
14.097 209.981
14.129 210.058
14.161 210.135
14.194 210.210
14.226 210.286
14.258 210.362
14.290 210.437
14.322 210.512
14.355 210.585
14.387 210.660
14.419 210.734
14.451 210.808
14.484 210.880
14.516 210.953
14.548 211.026
14.580 211.098
14.613 211.169
14.645 211.241
14.677 211.312
14.709 211.383
14.741 211.453
14.774 211.523
14.806 211.594
14.838 211.664
14.870 211.732
14.902 211.801
14.935 211.870
14.967 211.939
14.999 212.006
15.031 212.074
15.064 212.142
15.096 212.210
15.128 212.277
15.160 212.343
15.193 212.409
15.225 212.476
15.257 212.542
15.289 212.607
15.321 212.672
15.354 212.738
15.386 212.803
15.418 212.866
15.450 212.931
15.482 212.995
15.515 213.059
15.547 213.121
15.579 213.185
15.611 213.248
15.644 213.311
15.676 213.372
15.708 213.435
15.740 213.497
15.773 213.559
15.805 213.619
15.837 213.681
15.869 213.742
15.901 213.803
15.934 213.864
15.966 213.923
15.998 213.983
16.030 214.043
16.062 214.103
16.095 214.161
16.127 214.220
16.159 214.279
16.191 214.338
16.224 214.395
16.256 214.453
16.288 214.511
16.320 214.569
16.353 214.626
16.385 214.683
16.417 214.740
16.449 214.797
16.482 214.853
16.514 214.909
16.546 214.965
16.578 215.022
16.610 215.076
16.643 215.132
16.675 215.187
16.707 215.242
16.739 215.297
16.771 215.351
16.804 215.405
16.836 215.460
16.868 215.514
16.900 215.567
16.933 215.620
16.965 215.674
16.997 215.727
17.029 215.779
17.061 215.832
17.094 215.885
17.126 215.938
17.158 215.989
17.190 216.041
17.223 216.093
17.255 216.145
17.287 216.195
17.319 216.246
17.352 216.297
17.384 216.349
17.416 216.398
17.448 216.449
17.480 216.499
17.513 216.549
17.545 216.600
17.577 216.648
17.609 216.698
17.642 216.747
17.674 216.797
17.706 216.845
17.738 216.894
17.770 216.943
17.803 216.991
17.835 217.038
17.867 217.087
17.899 217.135
17.931 217.183
17.964 217.229
17.996 217.277
18.028 217.324
18.060 217.372
18.093 217.418
18.125 217.465
18.157 217.511
18.189 217.558
18.222 217.603
18.254 217.649
18.286 217.696
18.318 217.742
18.350 217.787
18.383 217.832
18.415 217.877
18.447 217.923
18.479 217.968
18.512 218.012
18.544 218.056
18.576 218.101
18.608 218.146
18.640 218.189
18.673 218.233
18.705 218.277
18.737 218.321
18.769 218.364
18.802 218.407
18.834 218.451
18.866 218.494
18.898 218.536
18.930 218.579
18.963 218.622
18.995 218.665
19.027 218.706
19.059 218.749
19.092 218.791
19.124 218.833
19.156 218.875
19.188 218.916
19.221 218.958
19.253 218.999
19.285 219.041
19.317 219.081
19.349 219.122
19.382 219.163
19.414 219.204
19.446 219.244
19.478 219.284
19.511 219.325
19.543 219.365
19.575 219.405
19.607 219.445
19.639 219.485
19.672 219.525
19.704 219.563
19.736 219.603
19.768 219.642
19.800 219.682
19.833 219.720
19.865 219.759
19.897 219.798
19.929 219.837
19.962 219.875
19.994 219.913
20.026 219.951
20.058 219.990
20.090 220.028
20.123 220.065
20.155 220.103
20.187 220.141
20.219 220.178
20.252 220.215
20.284 220.252
20.316 220.290
20.348 220.327
20.381 220.363
20.413 220.400
20.445 220.437
20.477 220.474
20.509 220.509
20.542 220.546
20.574 220.582
20.606 220.619
20.638 220.654
20.671 220.690
20.703 220.726
20.735 220.762
20.767 220.798
20.799 220.832
20.832 220.868
20.864 220.903
20.896 220.939
20.928 220.973
20.961 221.008
20.993 221.043
21.025 221.078
21.057 221.112
21.090 221.146
21.122 221.181
21.154 221.215
21.186 221.249
21.218 221.283
21.251 221.317
21.283 221.351
21.315 221.384
21.347 221.418
21.380 221.452
21.412 221.486
21.444 221.518
21.476 221.552
21.508 221.585
21.541 221.618
21.573 221.651
21.605 221.683
21.637 221.716
21.669 221.749
21.702 221.782
21.734 221.814
21.766 221.846
21.798 221.879
21.831 221.911
21.863 221.942
21.895 221.975
21.927 222.007
21.959 222.039
21.992 222.070
22.024 222.101
22.056 222.133
22.088 222.165
22.121 222.195
22.153 222.227
22.185 222.258
22.217 222.289
22.250 222.320
22.282 222.351
22.314 222.382
22.346 222.413
22.378 222.444
22.411 222.473
22.443 222.504
22.475 222.534
22.507 222.565
22.540 222.594
22.572 222.625
22.604 222.655
22.636 222.685
22.669 222.714
22.701 222.744
22.733 222.774
22.765 222.804
22.797 222.832
22.830 222.862
22.862 222.892
22.894 222.921
22.926 222.949
22.959 222.979
22.991 223.008
23.023 223.037
23.055 223.065
23.087 223.094
23.120 223.123
23.152 223.152
23.184 223.181
23.216 223.208
23.248 223.237
23.281 223.265
23.313 223.294
23.345 223.321
23.377 223.349
23.410 223.378
23.442 223.406
23.474 223.433
23.506 223.461
23.538 223.489
23.571 223.516
23.603 223.543
23.635 223.571
23.667 223.598
23.700 223.626
23.732 223.652
23.764 223.680
23.796 223.707
23.828 223.734
23.861 223.760
23.893 223.787
23.925 223.814
23.957 223.841
23.990 223.868
24.022 223.894
24.054 223.921
24.086 223.947
24.119 223.974
24.151 223.999
24.183 224.026
24.215 224.052
24.247 224.078
24.280 224.104
24.312 224.130
24.344 224.156
24.376 224.182
24.409 224.207
24.441 224.233
24.473 224.259
24.505 224.284
24.538 224.309
24.570 224.335
24.602 224.360
24.634 224.386
24.666 224.410
24.699 224.435
24.731 224.461
24.763 224.486
24.795 224.511
24.828 224.535
24.860 224.560
24.892 224.585
24.924 224.610
24.956 224.634
24.989 224.659
25.021 224.683
25.053 224.708
25.085 224.732
25.117 224.756
25.150 224.781
25.182 224.805
25.214 224.828
25.246 224.853
25.279 224.877
25.311 224.901
25.343 224.924
25.375 224.948
25.407 224.972
25.440 224.996
25.472 225.019
25.504 225.043
25.536 225.066
25.569 225.090
25.601 225.114
25.633 225.136
25.665 225.160
25.698 225.183
25.730 225.206
25.762 225.229
25.794 225.252
25.826 225.275
25.859 225.298
25.891 225.320
25.923 225.343
25.955 225.366
25.988 225.389
26.020 225.411
26.052 225.434
26.084 225.457
26.116 225.479
26.149 225.501
26.181 225.524
26.213 225.546
26.245 225.569
26.278 225.590
26.310 225.613
26.342 225.635
26.374 225.657
26.406 225.679
26.439 225.700
26.471 225.723
26.503 225.745
26.535 225.766
26.568 225.788
26.600 225.809
26.632 225.831
26.664 225.853
26.697 225.874
26.729 225.895
26.761 225.917
26.793 225.939
26.825 225.959
26.858 225.981
26.890 226.002
26.922 226.023
26.954 226.044
26.986 226.065
27.019 226.086
27.051 226.107
27.083 226.128
27.115 226.149
27.148 226.170
27.180 226.190
27.212 226.211
27.244 226.231
27.276 226.252
27.309 226.273
27.341 226.294
27.373 226.313
27.405 226.334
27.438 226.355
27.470 226.375
27.502 226.395
27.534 226.415
27.567 226.435
27.599 226.456
27.631 226.475
27.663 226.495
27.695 226.516
27.728 226.536
27.760 226.555
27.792 226.575
27.824 226.595
27.857 226.615
27.889 226.634
27.921 226.654
27.953 226.674
27.985 226.693
28.018 226.713
28.050 226.732
28.082 226.751
28.114 226.771
28.146 226.791
28.179 226.809
28.211 226.829
28.243 226.848
28.275 226.867
28.308 226.886
28.340 226.905
28.372 226.924
28.404 226.944
28.437 226.962
28.469 226.981
28.501 227.000
28.533 227.019
28.566 227.037
28.598 227.056
28.630 227.075
28.662 227.094
28.694 227.112
28.727 227.131
28.759 227.149
28.791 227.168
28.823 227.187
28.855 227.204
28.888 227.223
28.920 227.241
28.952 227.260
28.984 227.277
29.017 227.296
29.049 227.314
29.081 227.332
29.113 227.350
29.145 227.368
29.178 227.386
29.210 227.404
29.242 227.422
29.274 227.440
29.307 227.458
29.339 227.476
29.371 227.493
29.403 227.511
29.436 227.529
29.468 227.547
29.500 227.564
29.532 227.581
29.564 227.599
29.597 227.617
29.629 227.634
29.661 227.651
29.693 227.669
29.726 227.686
29.758 227.704
29.790 227.720
29.822 227.738
29.854 227.755
29.887 227.772
29.919 227.789
29.951 227.806
29.983 227.823
30.015 227.841
30.048 227.857
30.080 227.874
30.112 227.891
30.144 227.908
30.177 227.924
30.209 227.941
30.241 227.958
30.273 227.975
30.306 227.991
30.338 228.008
30.370 228.025
30.402 228.042
30.434 228.058
30.467 228.074
30.499 228.091
30.531 228.108
30.563 228.124
30.596 228.140
30.628 228.156
30.660 228.173
30.692 228.189
30.724 228.205
30.757 228.221
30.789 228.238
30.821 228.254
30.853 228.270
30.886 228.286
30.918 228.302
30.950 228.318
30.982 228.333
31.015 228.350
31.047 228.366
31.079 228.382
31.111 228.397
31.143 228.413
31.176 228.429
31.208 228.445
31.240 228.461
31.272 228.476
31.305 228.492
31.337 228.507
31.369 228.523
31.401 228.538
31.433 228.554
31.466 228.569
31.498 228.585
31.530 228.600
31.562 228.615
31.595 228.631
31.627 228.646
31.659 228.661
31.691 228.676
31.723 228.692
31.756 228.707
31.788 228.722
31.820 228.737
31.852 228.752
31.884 228.768
31.917 228.782
31.949 228.797
31.981 228.812
32.013 228.828
32.046 228.843
32.078 228.857
32.110 228.872
32.142 228.887
32.175 228.902
32.207 228.916
32.239 228.931
32.271 228.946
32.303 228.961
32.336 228.975
32.368 228.990
32.400 229.004
32.432 229.019
32.465 229.033
32.497 229.048
32.529 229.062
32.561 229.077
32.593 229.091
32.626 229.105
32.658 229.120
32.690 229.134
32.722 229.148
32.755 229.163
32.787 229.177
32.819 229.192
32.851 229.206
32.883 229.219
32.916 229.234
32.948 229.248
32.980 229.262
33.012 229.276
33.045 229.290
33.077 229.304
33.109 229.318
33.141 229.332
33.173 229.346
33.206 229.360
33.238 229.374
33.270 229.387
33.302 229.401
33.335 229.415
33.367 229.429
33.399 229.442
33.431 229.456
33.464 229.470
33.496 229.484
33.528 229.497
33.560 229.511
33.592 229.524
33.625 229.538
33.657 229.552
33.689 229.565
33.721 229.578
33.754 229.592
33.786 229.606
33.818 229.618
33.850 229.632
33.882 229.645
33.915 229.659
33.947 229.672
33.979 229.685
34.011 229.698
34.044 229.712
34.076 229.725
34.108 229.738
34.140 229.751
34.172 229.764
34.205 229.777
34.237 229.790
34.269 229.803
34.301 229.817
34.334 229.829
34.366 229.842
34.398 229.855
34.430 229.868
34.462 229.881
34.495 229.894
34.527 229.907
34.559 229.920
34.591 229.933
34.624 229.945
34.656 229.958
34.688 229.971
34.720 229.984
34.752 229.996
34.785 230.009
34.817 230.021
34.849 230.034
34.881 230.046
34.914 230.059
34.946 230.072
34.978 230.084
35.010 230.096
35.042 230.109
35.075 230.122
35.107 230.134
35.139 230.146
35.171 230.159
35.204 230.171
35.236 230.184
35.268 230.196
35.300 230.208
35.333 230.220
35.365 230.233
35.397 230.245
35.429 230.257
35.461 230.269
35.494 230.281
35.526 230.294
35.558 230.305
35.590 230.318
35.623 230.330
35.655 230.342
35.687 230.353
35.719 230.366
35.751 230.378
35.784 230.390
35.816 230.401
35.848 230.413
35.880 230.425
35.913 230.437
35.945 230.449
35.977 230.461
36.009 230.473
36.041 230.485
36.074 230.497
36.106 230.508
36.138 230.520
36.170 230.532
36.203 230.543
36.235 230.555
36.267 230.566
36.299 230.578
36.331 230.590
36.364 230.601
36.396 230.613
36.428 230.624
36.460 230.636
36.493 230.647
36.525 230.659
36.557 230.670
36.589 230.682
36.621 230.693
36.654 230.704
36.686 230.716
36.718 230.727
36.750 230.738
36.783 230.750
36.815 230.761
36.847 230.773
36.879 230.784
36.911 230.795
36.944 230.806
36.976 230.818
37.008 230.829
37.040 230.840
37.073 230.851
37.105 230.862
37.137 230.873
37.169 230.884
37.202 230.895
37.234 230.906
37.266 230.918
37.298 230.928
37.330 230.939
37.363 230.950
37.395 230.961
37.427 230.972
37.459 230.983
37.492 230.994
37.524 231.005
37.556 231.015
37.588 231.026
37.620 231.037
37.653 231.048
37.685 231.059
37.717 231.070
37.749 231.080
37.782 231.091
37.814 231.102
37.846 231.112
37.878 231.123
37.910 231.134
37.943 231.145
37.975 231.155
38.007 231.166
38.039 231.176
38.072 231.187
38.104 231.197
38.136 231.208
38.168 231.219
38.200 231.229
38.233 231.239
38.265 231.250
38.297 231.260
38.329 231.271
38.362 231.281
38.394 231.291
38.426 231.302
38.458 231.312
38.490 231.323
38.523 231.333
38.555 231.343
38.587 231.354
38.619 231.364
38.652 231.374
38.684 231.384
38.716 231.395
38.748 231.405
38.781 231.415
38.813 231.425
38.845 231.435
38.877 231.445
38.909 231.455
38.942 231.465
38.974 231.476
39.006 231.486
39.038 231.495
39.071 231.506
39.103 231.516
39.135 231.526
39.167 231.535
39.199 231.546
39.232 231.556
39.264 231.566
39.296 231.576
39.328 231.585
39.361 231.595
39.393 231.605
39.425 231.615
39.457 231.625
39.489 231.635
39.522 231.644
39.554 231.654
39.586 231.664
39.618 231.674
39.651 231.684
39.683 231.693
39.715 231.703
39.747 231.712
39.779 231.722
39.812 231.732
39.844 231.741
39.876 231.751
39.908 231.761
39.941 231.771
39.973 231.780
40.005 231.789
40.037 231.799
40.069 231.809
40.102 231.818
40.134 231.827
40.166 231.837
40.198 231.847
40.230 231.856
40.263 231.865
40.295 231.875
40.327 231.884
40.359 231.894
40.392 231.903
40.424 231.912
40.456 231.922
40.488 231.931
40.521 231.940
40.553 231.950
40.585 231.959
40.617 231.969
40.650 231.977
40.682 231.987
40.714 231.996
40.746 232.006
40.778 232.014
40.811 232.024
40.843 232.033
40.875 232.042
40.907 232.052
40.940 232.060
40.972 232.069
41.004 232.079
41.036 232.088
41.068 232.097
41.101 232.106
41.133 232.115
41.165 232.124
41.197 232.133
41.230 232.142
41.262 232.151
41.294 232.160
41.326 232.169
41.358 232.178
41.391 232.187
41.423 232.196
41.455 232.204
41.487 232.213
41.520 232.222
41.552 232.231
41.584 232.240
41.616 232.249
41.648 232.258
41.681 232.267
41.713 232.276
41.745 232.284
41.777 232.293
41.809 232.302
41.842 232.311
41.874 232.319
41.906 232.328
41.938 232.337
41.971 232.345
42.003 232.354
42.035 232.363
42.067 232.371
42.099 232.380
42.132 232.388
42.164 232.397
42.196 232.406
42.228 232.414
42.261 232.423
42.293 232.431
42.325 232.440
42.357 232.449
42.390 232.457
42.422 232.465
42.454 232.474
42.486 232.483
42.518 232.491
42.551 232.499
42.583 232.508
42.615 232.516
42.647 232.525
42.680 232.533
42.712 232.541
42.744 232.550
42.776 232.558
42.809 232.566
42.841 232.575
42.873 232.583
42.905 232.592
42.937 232.600
42.970 232.608
43.002 232.617
43.034 232.625
43.066 232.633
43.099 232.641
43.131 232.650
43.163 232.658
43.195 232.666
43.227 232.674
43.260 232.682
43.292 232.691
43.324 232.699
43.356 232.707
43.389 232.715
43.421 232.723
43.453 232.731
43.485 232.739
43.517 232.747
43.550 232.755
43.582 232.764
43.614 232.771
43.646 232.779
43.678 232.788
43.711 232.796
43.743 232.803
43.775 232.811
43.807 232.820
43.840 232.828
43.872 232.835
43.904 232.843
43.936 232.851
43.968 232.859
44.001 232.867
44.033 232.875
44.065 232.883
44.097 232.891
44.130 232.899
44.162 232.906
44.194 232.914
44.226 232.922
44.258 232.930
44.291 232.938
44.323 232.946
44.355 232.953
44.387 232.961
44.420 232.969
44.452 232.977
44.484 232.984
44.516 232.992
44.549 233.000
44.581 233.007
44.613 233.015
44.645 233.023
44.678 233.030
44.710 233.038
44.742 233.046
44.774 233.054
44.806 233.061
44.839 233.069
44.871 233.076
44.903 233.084
44.935 233.092
44.968 233.099
45.000 233.107
45.032 233.114
45.064 233.122
45.096 233.129
45.129 233.137
45.161 233.144
45.193 233.152
45.225 233.159
45.258 233.167
45.290 233.174
45.322 233.182
45.354 233.189
45.386 233.196
45.419 233.204
45.451 233.211
45.483 233.218
45.515 233.226
45.547 233.234
45.580 233.241
45.612 233.248
45.644 233.255
45.676 233.263
45.709 233.270
45.741 233.278
45.773 233.285
45.805 233.292
45.837 233.300
45.870 233.307
45.902 233.314
45.934 233.321
45.966 233.329
45.999 233.336
46.031 233.343
46.063 233.350
46.095 233.357
46.127 233.365
46.160 233.372
46.192 233.379
46.224 233.386
46.256 233.393
46.289 233.400
46.321 233.407
46.353 233.415
46.385 233.422
46.418 233.429
46.450 233.436
46.482 233.443
46.514 233.450
46.546 233.457
46.579 233.464
46.611 233.471
46.643 233.478
46.675 233.486
46.708 233.492
46.740 233.499
46.772 233.506
46.804 233.514
46.837 233.520
46.869 233.527
46.901 233.534
46.933 233.541
46.965 233.548
46.998 233.555
47.030 233.562
47.062 233.569
47.094 233.576
47.127 233.583
47.159 233.590
47.191 233.597
47.223 233.603
47.255 233.610
47.288 233.617
47.320 233.624
47.352 233.631
47.384 233.637
47.416 233.644
47.449 233.651
47.481 233.658
47.513 233.665
47.545 233.671
47.578 233.678
47.610 233.685
47.642 233.692
47.674 233.698
47.706 233.705
47.739 233.712
47.771 233.718
47.803 233.725
47.835 233.732
47.868 233.739
47.900 233.745
47.932 233.752
47.964 233.759
47.996 233.765
48.029 233.772
48.061 233.778
48.093 233.785
48.125 233.792
48.158 233.799
48.190 233.805
48.222 233.812
48.254 233.818
48.286 233.825
48.319 233.831
48.351 233.838
48.383 233.844
48.415 233.851
48.448 233.857
48.480 233.864
48.512 233.870
48.544 233.877
48.577 233.883
48.609 233.890
48.641 233.896
48.673 233.903
48.706 233.909
48.738 233.916
48.770 233.922
48.802 233.929
48.834 233.935
48.867 233.941
48.899 233.948
48.931 233.954
48.963 233.961
48.995 233.967
49.028 233.973
49.060 233.980
49.092 233.986
49.124 233.992
49.157 233.999
49.189 234.005
49.221 234.012
49.253 234.017
49.285 234.024
49.318 234.030
49.350 234.037
49.382 234.043
49.414 234.049
49.447 234.055
49.479 234.062
49.511 234.068
49.543 234.074
49.575 234.080
49.608 234.087
49.640 234.092
49.672 234.099
49.704 234.105
49.737 234.111
49.769 234.118
49.801 234.124
49.833 234.130
49.865 234.136
49.898 234.142
49.930 234.148
49.962 234.154
49.994 234.161
50.027 234.167
50.059 234.173
50.091 234.179
50.123 234.185
50.156 234.191
50.188 234.197
50.220 234.203
50.252 234.209
50.284 234.215
50.317 234.221
50.349 234.227
50.381 234.233
50.413 234.240
50.446 234.245
50.478 234.251
50.510 234.257
50.542 234.264
50.574 234.270
50.607 234.275
50.639 234.281
50.671 234.287
50.703 234.293
50.736 234.299
50.768 234.305
50.800 234.311
50.832 234.317
50.864 234.323
50.897 234.329
50.929 234.335
50.961 234.341
50.993 234.346
51.026 234.352
51.058 234.358
51.090 234.364
51.122 234.370
51.154 234.376
51.187 234.382
51.219 234.388
51.251 234.393
51.283 234.399
51.316 234.405
51.348 234.411
51.380 234.417
51.412 234.422
51.444 234.428
51.477 234.434
51.509 234.440
51.541 234.445
51.573 234.451
51.606 234.457
51.638 234.463
51.670 234.468
51.702 234.474
51.734 234.480
51.767 234.486
51.799 234.491
51.831 234.497
51.863 234.503
51.896 234.509
51.928 234.514
51.960 234.520
51.992 234.525
52.025 234.531
52.057 234.536
52.089 234.542
52.121 234.548
52.153 234.554
52.186 234.559
52.218 234.565
52.250 234.570
52.282 234.576
52.315 234.582
52.347 234.587
52.379 234.593
52.411 234.598
52.443 234.604
52.476 234.609
52.508 234.615
52.540 234.621
52.572 234.626
52.605 234.631
52.637 234.637
52.669 234.643
52.701 234.648
52.733 234.654
52.766 234.659
52.798 234.665
52.830 234.670
52.862 234.675
52.895 234.681
52.927 234.687
52.959 234.692
52.991 234.698
53.023 234.703
53.056 234.708
53.088 234.714
53.120 234.719
53.152 234.725
53.185 234.730
53.217 234.736
53.249 234.741
53.281 234.746
53.313 234.752
53.346 234.757
53.378 234.763
53.410 234.768
53.442 234.773
53.475 234.779
53.507 234.784
53.539 234.789
53.571 234.794
53.603 234.800
53.636 234.805
53.668 234.810
53.700 234.816
53.732 234.821
53.765 234.826
53.797 234.832
53.829 234.837
53.861 234.842
53.894 234.848
53.926 234.853
53.958 234.858
53.990 234.863
54.022 234.869
54.055 234.874
54.087 234.879
54.119 234.884
54.151 234.889
54.184 234.895
54.216 234.900
54.248 234.905
54.280 234.910
54.312 234.916
54.345 234.920
54.377 234.926
54.409 234.931
54.441 234.936
54.474 234.941
54.506 234.946
54.538 234.952
54.570 234.957
54.602 234.962
54.635 234.967
54.667 234.972
54.699 234.977
54.731 234.983
54.764 234.987
54.796 234.992
54.828 234.998
54.860 235.003
54.892 235.008
54.925 235.013
54.957 235.018
54.989 235.023
55.021 235.028
55.054 235.033
55.086 235.038
55.118 235.043
55.150 235.048
55.182 235.053
55.215 235.058
55.247 235.063
55.279 235.068
55.311 235.073
55.344 235.078
55.376 235.083
55.408 235.088
55.440 235.093
55.472 235.098
55.505 235.103
55.537 235.108
55.569 235.113
55.601 235.118
55.634 235.123
55.666 235.128
55.698 235.133
55.730 235.138
55.763 235.143
55.795 235.148
55.827 235.152
55.859 235.157
55.891 235.162
55.924 235.167
55.956 235.172
55.988 235.177
56.020 235.182
56.053 235.187
56.085 235.191
56.117 235.196
56.149 235.201
56.181 235.206
56.214 235.211
56.246 235.216
56.278 235.221
56.310 235.226
56.343 235.231
56.375 235.235
56.407 235.240
56.439 235.245
56.471 235.250
56.504 235.254
56.536 235.259
56.568 235.264
56.600 235.269
56.633 235.273
56.665 235.278
56.697 235.283
56.729 235.288
56.761 235.292
56.794 235.297
56.826 235.302
56.858 235.307
56.890 235.311
56.923 235.316
56.955 235.321
56.987 235.326
57.019 235.331
57.051 235.335
57.084 235.340
57.116 235.345
57.148 235.349
57.180 235.354
57.213 235.358
57.245 235.363
57.277 235.368
57.309 235.372
57.342 235.377
57.374 235.382
57.406 235.387
57.438 235.391
57.470 235.396
57.503 235.400
57.535 235.405
57.567 235.409
57.599 235.414
57.632 235.419
57.664 235.424
57.696 235.428
57.728 235.432
57.760 235.437
57.793 235.442
57.825 235.447
57.857 235.451
57.889 235.455
57.922 235.460
57.954 235.465
57.986 235.469
58.018 235.474
58.050 235.478
58.083 235.483
58.115 235.487
58.147 235.492
58.179 235.496
58.212 235.501
58.244 235.505
58.276 235.510
58.308 235.514
58.340 235.519
58.373 235.523
58.405 235.528
58.437 235.532
58.469 235.537
58.502 235.541
58.534 235.546
58.566 235.550
58.598 235.555
58.630 235.559
58.663 235.563
58.695 235.568
58.727 235.573
58.759 235.577
58.792 235.581
58.824 235.586
58.856 235.590
58.888 235.595
58.920 235.599
58.953 235.603
58.985 235.608
59.017 235.612
59.049 235.616
59.082 235.621
59.114 235.625
59.146 235.630
59.178 235.634
59.211 235.638
59.243 235.643
59.275 235.647
59.307 235.651
59.339 235.656
59.372 235.660
59.404 235.665
59.436 235.669
59.468 235.673
59.501 235.678
59.533 235.682
59.565 235.686
59.597 235.690
59.629 235.695
59.662 235.699
59.694 235.704
59.726 235.708
59.758 235.712
59.791 235.716
59.823 235.721
59.855 235.725
59.887 235.729
59.919 235.733
59.952 235.738
59.984 235.742
60.016 235.746
60.048 235.750
60.081 235.755
60.113 235.759
60.145 235.763
60.177 235.767
60.209 235.772
60.242 235.776
60.274 235.780
60.306 235.784
60.338 235.788
60.370 235.793
60.403 235.797
60.435 235.801
60.467 235.805
60.499 235.809
60.532 235.813
60.564 235.818
60.596 235.822
60.628 235.826
60.661 235.830
60.693 235.834
60.725 235.838
60.757 235.843
60.789 235.847
60.822 235.851
60.854 235.855
60.886 235.859
60.918 235.863
60.951 235.867
60.983 235.871
61.015 235.876
61.047 235.880
61.080 235.884
61.112 235.888
61.144 235.892
61.176 235.896
61.208 235.900
61.241 235.904
61.273 235.908
61.305 235.913
61.337 235.916
61.370 235.920
61.402 235.925
61.434 235.929
61.466 235.933
61.498 235.937
61.531 235.941
61.563 235.945
61.595 235.949
61.627 235.953
61.660 235.957
61.692 235.961
61.724 235.965
61.756 235.969
61.788 235.973
61.821 235.977
61.853 235.981
61.885 235.985
61.917 235.989
61.950 235.993
61.982 235.997
62.014 236.001
62.046 236.005
62.078 236.009
62.111 236.013
62.143 236.017
62.175 236.021
62.207 236.025
62.239 236.029
62.272 236.032
62.304 236.036
62.336 236.040
62.368 236.045
62.401 236.048
62.433 236.052
62.465 236.056
62.497 236.060
62.530 236.064
62.562 236.068
62.594 236.072
62.626 236.076
62.658 236.080
62.691 236.083
62.723 236.087
62.755 236.091
62.787 236.095
62.820 236.099
62.852 236.103
62.884 236.107
62.916 236.111
62.949 236.114
62.981 236.118
63.013 236.122
63.045 236.126
63.077 236.130
63.110 236.134
63.142 236.138
63.174 236.142
63.206 236.145
63.239 236.149
63.271 236.153
63.303 236.157
63.335 236.160
63.367 236.164
63.400 236.168
63.432 236.172
63.464 236.176
63.496 236.179
63.529 236.183
63.561 236.187
63.593 236.191
63.625 236.195
63.657 236.198
63.690 236.202
63.722 236.206
63.754 236.210
63.786 236.214
63.819 236.217
63.851 236.221
63.883 236.225
63.915 236.229
63.947 236.232
63.980 236.236
64.012 236.240
64.044 236.243
64.076 236.247
64.109 236.251
64.141 236.255
64.173 236.258
64.205 236.262
64.237 236.266
64.270 236.270
64.302 236.273
64.334 236.277
64.366 236.281
64.398 236.284
64.431 236.288
64.463 236.292
64.495 236.295
64.527 236.299
64.560 236.303
64.592 236.306
64.624 236.310
64.656 236.314
64.689 236.317
64.721 236.321
64.753 236.325
64.785 236.328
64.817 236.332
64.850 236.336
64.882 236.339
64.914 236.343
64.946 236.346
64.979 236.350
65.011 236.354
65.043 236.357
65.075 236.361
65.108 236.364
65.140 236.368
65.172 236.372
65.204 236.376
65.236 236.379
65.269 236.383
65.301 236.386
65.333 236.390
65.365 236.393
65.397 236.397
65.430 236.401
65.462 236.404
65.494 236.408
65.526 236.411
65.559 236.415
65.591 236.418
65.623 236.422
65.655 236.425
65.688 236.429
65.720 236.433
65.752 236.436
65.784 236.440
65.816 236.443
65.849 236.447
65.881 236.450
65.913 236.454
65.945 236.457
65.978 236.461
66.010 236.464
66.042 236.468
66.074 236.471
66.106 236.475
66.139 236.478
66.171 236.482
66.203 236.485
66.235 236.489
66.267 236.492
66.300 236.496
66.332 236.499
66.364 236.503
66.396 236.506
66.429 236.509
66.461 236.513
66.493 236.517
66.525 236.520
66.558 236.523
66.590 236.527
66.622 236.530
66.654 236.534
66.686 236.537
66.719 236.541
66.751 236.544
66.783 236.548
66.815 236.551
66.848 236.554
66.880 236.558
66.912 236.561
66.944 236.565
66.977 236.568
67.009 236.571
67.041 236.575
67.073 236.578
67.105 236.582
67.138 236.585
67.170 236.588
67.202 236.592
67.234 236.595
67.266 236.599
67.299 236.602
67.331 236.605
67.363 236.609
67.395 236.612
67.428 236.615
67.460 236.619
67.492 236.622
67.524 236.625
67.556 236.629
67.589 236.632
67.621 236.636
67.653 236.639
67.685 236.642
67.718 236.646
67.750 236.649
67.782 236.652
67.814 236.656
67.847 236.659
67.879 236.662
67.911 236.665
67.943 236.669
67.975 236.672
68.008 236.676
68.040 236.679
68.072 236.682
68.104 236.685
68.136 236.689
68.169 236.692
68.201 236.695
68.233 236.699
68.265 236.702
68.298 236.705
68.330 236.708
68.362 236.712
68.394 236.715
68.427 236.718
68.459 236.721
68.491 236.725
68.523 236.728
68.555 236.731
68.588 236.734
68.620 236.738
68.652 236.741
68.684 236.744
68.717 236.747
68.749 236.751
68.781 236.754
68.813 236.757
68.846 236.760
68.878 236.764
68.910 236.767
68.942 236.770
68.974 236.773
69.007 236.776
69.039 236.780
69.071 236.783
69.103 236.786
69.135 236.789
69.168 236.793
69.200 236.796
69.232 236.799
69.264 236.802
69.297 236.805
69.329 236.809
69.361 236.812
69.393 236.815
69.425 236.818
69.458 236.821
69.490 236.825
69.522 236.827
69.554 236.831
69.587 236.834
69.619 236.837
69.651 236.840
69.683 236.843
69.716 236.847
69.748 236.850
69.780 236.853
69.812 236.856
69.844 236.859
69.877 236.862
69.909 236.866
69.941 236.868
69.973 236.872
70.005 236.875
70.038 236.878
70.070 236.881
70.102 236.884
70.134 236.887
70.167 236.890
70.199 236.893
70.231 236.896
70.263 236.900
70.296 236.903
70.328 236.906
70.360 236.909
70.392 236.912
70.424 236.915
70.457 236.918
70.489 236.921
70.521 236.924
70.553 236.927
70.586 236.930
70.618 236.933
70.650 236.937
70.682 236.940
70.714 236.943
70.747 236.946
70.779 236.949
70.811 236.952
70.843 236.955
70.876 236.958
70.908 236.961
70.940 236.964
70.972 236.967
71.004 236.970
71.037 236.973
71.069 236.976
71.101 236.979
71.133 236.982
71.166 236.985
71.198 236.988
71.230 236.991
71.262 236.994
71.294 236.997
71.327 237.000
71.359 237.003
71.391 237.006
71.423 237.009
71.456 237.012
71.488 237.015
71.520 237.018
71.552 237.021
71.585 237.024
71.617 237.027
71.649 237.030
71.681 237.033
71.713 237.036
71.746 237.039
71.778 237.042
71.810 237.045
71.842 237.048
71.874 237.051
71.907 237.054
71.939 237.057
71.971 237.060
72.003 237.063
72.036 237.066
72.068 237.069
72.100 237.072
72.132 237.075
72.165 237.078
72.197 237.080
72.229 237.083
72.261 237.086
72.293 237.089
72.326 237.092
72.358 237.095
72.390 237.098
72.422 237.101
72.454 237.104
72.487 237.107
72.519 237.110
72.551 237.113
72.583 237.116
72.616 237.118
72.648 237.121
72.680 237.124
72.712 237.127
72.745 237.130
72.777 237.133
72.809 237.136
72.841 237.139
72.874 237.141
72.906 237.144
72.938 237.147
72.970 237.150
73.002 237.153
73.035 237.156
73.067 237.159
73.099 237.162
73.131 237.165
73.163 237.167
73.196 237.170
73.228 237.173
73.260 237.176
73.292 237.179
73.325 237.182
73.357 237.185
73.389 237.187
73.421 237.190
73.454 237.193
73.486 237.196
73.518 237.199
73.550 237.201
73.582 237.204
73.615 237.207
73.647 237.210
73.679 237.213
73.711 237.216
73.743 237.218
73.776 237.221
73.808 237.224
73.840 237.227
73.872 237.230
73.905 237.233
73.937 237.235
73.969 237.238
74.001 237.241
74.034 237.244
74.066 237.247
74.098 237.249
74.130 237.252
74.162 237.255
74.195 237.258
74.227 237.260
74.259 237.263
74.291 237.266
74.323 237.269
74.356 237.271
74.388 237.274
74.420 237.277
74.452 237.280
74.485 237.282
74.517 237.285
74.549 237.288
74.581 237.291
74.614 237.293
74.646 237.296
74.678 237.299
74.710 237.302
74.742 237.305
74.775 237.307
74.807 237.310
74.839 237.313
74.871 237.316
74.904 237.318
74.936 237.321
74.968 237.324
75.000 237.326
75.032 237.329
75.065 237.332
75.097 237.335
75.129 237.337
75.161 237.340
75.194 237.343
75.226 237.345
75.258 237.348
75.290 237.351
75.323 237.353
75.355 237.356
75.387 237.359
75.419 237.361
75.451 237.364
75.484 237.367
75.516 237.370
75.548 237.372
75.580 237.375
75.612 237.378
75.645 237.380
75.677 237.383
75.709 237.385
75.741 237.388
75.774 237.391
75.806 237.394
75.838 237.396
75.870 237.399
75.903 237.402
75.935 237.404
75.967 237.407
75.999 237.409
76.031 237.412
76.064 237.415
76.096 237.417
76.128 237.420
76.160 237.423
76.192 237.425
76.225 237.428
76.257 237.431
76.289 237.433
76.321 237.436
76.354 237.439
76.386 237.441
76.418 237.444
76.450 237.446
76.483 237.449
76.515 237.452
76.547 237.454
76.579 237.457
76.611 237.460
76.644 237.462
76.676 237.465
76.708 237.467
76.740 237.470
76.773 237.472
76.805 237.475
76.837 237.478
76.869 237.480
76.901 237.483
76.934 237.485
76.966 237.488
76.998 237.491
77.030 237.493
77.063 237.496
77.095 237.498
77.127 237.501
77.159 237.504
77.192 237.506
77.224 237.509
77.256 237.511
77.288 237.514
77.320 237.516
77.353 237.519
77.385 237.521
77.417 237.524
77.449 237.526
77.481 237.529
77.514 237.532
77.546 237.534
77.578 237.537
77.610 237.539
77.643 237.542
77.675 237.544
77.707 237.547
77.739 237.549
77.772 237.552
77.804 237.554
77.836 237.557
77.868 237.559
77.900 237.562
77.933 237.565
77.965 237.567
77.997 237.569
78.029 237.572
78.061 237.575
78.094 237.577
78.126 237.579
78.158 237.582
78.190 237.585
78.223 237.587
78.255 237.589
78.287 237.592
78.319 237.595
78.352 237.597
78.384 237.599
78.416 237.602
78.448 237.605
78.480 237.607
78.513 237.609
78.545 237.612
78.577 237.614
78.609 237.617
78.642 237.619
78.674 237.622
78.706 237.624
78.738 237.627
78.770 237.629
78.803 237.632
78.835 237.634
78.867 237.637
78.899 237.639
78.932 237.641
78.964 237.644
78.996 237.647
79.028 237.649
79.061 237.651
79.093 237.654
79.125 237.656
79.157 237.659
79.189 237.661
79.222 237.664
79.254 237.666
79.286 237.669
79.318 237.671
79.350 237.673
79.383 237.676
79.415 237.678
79.447 237.680
79.479 237.683
79.512 237.685
79.544 237.688
79.576 237.690
79.608 237.693
79.641 237.695
79.673 237.698
79.705 237.700
79.737 237.702
79.769 237.705
79.802 237.707
79.834 237.710
79.866 237.712
79.898 237.714
79.930 237.717
79.963 237.719
79.995 237.721
80.027 237.724
80.059 237.726
80.092 237.729
80.124 237.731
80.156 237.733
80.188 237.736
80.221 237.738
80.253 237.740
80.285 237.743
80.317 237.745
80.349 237.748
80.382 237.750
80.414 237.752
80.446 237.755
80.478 237.757
80.510 237.760
80.543 237.762
80.575 237.764
80.607 237.767
80.639 237.769
80.672 237.771
80.704 237.774
80.736 237.776
80.768 237.778
80.801 237.781
80.833 237.783
80.865 237.785
80.897 237.788
80.930 237.790
80.962 237.792
80.994 237.795
81.026 237.797
81.058 237.799
81.091 237.802
81.123 237.804
81.155 237.806
81.187 237.809
81.219 237.811
81.252 237.813
81.284 237.816
81.316 237.818
81.348 237.820
81.381 237.823
81.413 237.825
81.445 237.827
81.477 237.829
81.510 237.832
81.542 237.834
81.574 237.836
81.606 237.839
81.638 237.841
81.671 237.843
81.703 237.846
81.735 237.848
81.767 237.850
81.799 237.852
81.832 237.855
81.864 237.857
81.896 237.859
81.928 237.862
81.961 237.864
81.993 237.866
82.025 237.868
82.057 237.871
82.090 237.873
82.122 237.875
82.154 237.877
82.186 237.880
82.218 237.882
82.251 237.884
82.283 237.886
82.315 237.889
82.347 237.891
82.379 237.893
82.412 237.895
82.444 237.898
82.476 237.900
82.508 237.902
82.541 237.904
82.573 237.907
82.605 237.909
82.637 237.911
82.670 237.913
82.702 237.916
82.734 237.918
82.766 237.920
82.798 237.923
82.831 237.925
82.863 237.927
82.895 237.929
82.927 237.931
82.960 237.933
82.992 237.936
83.024 237.938
83.056 237.940
83.088 237.942
83.121 237.945
83.153 237.947
83.185 237.949
83.217 237.951
83.250 237.953
83.282 237.956
83.314 237.958
83.346 237.960
83.379 237.962
83.411 237.965
83.443 237.967
83.475 237.969
83.507 237.971
83.540 237.973
83.572 237.976
83.604 237.978
83.636 237.980
83.668 237.982
83.701 237.984
83.733 237.987
83.765 237.989
83.797 237.991
83.830 237.993
83.862 237.995
83.894 237.997
83.926 237.999
83.959 238.002
83.991 238.004
84.023 238.006
84.055 238.008
84.087 238.010
84.120 238.013
84.152 238.015
84.184 238.017
84.216 238.019
84.249 238.021
84.281 238.023
84.313 238.025
84.345 238.028
84.377 238.030
84.410 238.032
84.442 238.034
84.474 238.036
84.506 238.038
84.538 238.041
84.571 238.043
84.603 238.045
84.635 238.047
84.667 238.049
84.700 238.051
84.732 238.053
84.764 238.055
84.796 238.058
84.829 238.060
84.861 238.062
84.893 238.064
84.925 238.066
84.957 238.068
84.990 238.070
85.022 238.072
85.054 238.075
85.086 238.076
85.119 238.079
85.151 238.081
85.183 238.083
85.215 238.085
85.248 238.087
85.280 238.089
85.312 238.091
85.344 238.094
85.376 238.095
85.409 238.098
85.441 238.100
85.473 238.102
85.505 238.104
85.537 238.106
85.570 238.108
85.602 238.110
85.634 238.112
85.666 238.114
85.699 238.116
85.731 238.119
85.763 238.121
85.795 238.123
85.828 238.125
85.860 238.127
85.892 238.129
85.924 238.131
85.956 238.133
85.989 238.135
86.021 238.137
86.053 238.139
86.085 238.141
86.118 238.143
86.150 238.146
86.182 238.147
86.214 238.150
86.246 238.152
86.279 238.154
86.311 238.156
86.343 238.158
86.375 238.160
86.407 238.162
86.440 238.164
86.472 238.166
86.504 238.168
86.536 238.170
86.569 238.172
86.601 238.174
86.633 238.176
86.665 238.178
86.698 238.180
86.730 238.182
86.762 238.184
86.794 238.186
86.826 238.189
86.859 238.190
86.891 238.192
86.923 238.195
86.955 238.197
86.988 238.198
87.020 238.201
87.052 238.203
87.084 238.205
87.117 238.207
87.149 238.209
87.181 238.211
87.213 238.213
87.245 238.215
87.278 238.217
87.310 238.219
87.342 238.221
87.374 238.223
87.406 238.225
87.439 238.227
87.471 238.229
87.503 238.231
87.535 238.233
87.568 238.235
87.600 238.237
87.632 238.239
87.664 238.241
87.697 238.243
87.729 238.245
87.761 238.247
87.793 238.249
87.825 238.251
87.858 238.253
87.890 238.255
87.922 238.256
87.954 238.258
87.987 238.261
88.019 238.263
88.051 238.264
88.083 238.266
88.115 238.268
88.148 238.270
88.180 238.272
88.212 238.274
88.244 238.276
88.276 238.278
88.309 238.280
88.341 238.282
88.373 238.284
88.405 238.286
88.438 238.288
88.470 238.290
88.502 238.292
88.534 238.294
88.567 238.296
88.599 238.298
88.631 238.300
88.663 238.302
88.695 238.304
88.728 238.305
88.760 238.307
88.792 238.309
88.824 238.311
88.857 238.313
88.889 238.315
88.921 238.317
88.953 238.319
88.986 238.321
89.018 238.323
89.050 238.325
89.082 238.327
89.114 238.329
89.147 238.331
89.179 238.333
89.211 238.335
89.243 238.337
89.275 238.338
89.308 238.340
89.340 238.342
89.372 238.344
89.404 238.346
89.437 238.348
89.469 238.350
89.501 238.352
89.533 238.354
89.566 238.356
89.598 238.358
89.630 238.360
89.662 238.361
89.694 238.363
89.727 238.365
89.759 238.367
89.791 238.369
89.823 238.371
89.856 238.373
89.888 238.375
89.920 238.376
89.952 238.378
89.984 238.380
90.017 238.382
90.049 238.384
90.081 238.386
90.113 238.388
90.145 238.390
90.178 238.392
90.210 238.393
90.242 238.395
90.274 238.397
90.307 238.399
90.339 238.401
90.371 238.403
90.403 238.405
90.436 238.407
90.468 238.408
90.500 238.410
90.532 238.412
90.564 238.414
90.597 238.416
90.629 238.418
90.661 238.420
90.693 238.422
90.726 238.423
90.758 238.425
90.790 238.427
90.822 238.429
90.854 238.431
90.887 238.433
90.919 238.435
90.951 238.436
90.983 238.438
91.016 238.440
91.048 238.442
91.080 238.444
91.112 238.446
91.144 238.447
91.177 238.449
91.209 238.451
91.241 238.453
91.273 238.455
91.306 238.457
91.338 238.458
91.370 238.460
91.402 238.462
91.434 238.464
91.467 238.466
91.499 238.468
91.531 238.469
91.563 238.471
91.596 238.473
91.628 238.475
91.660 238.477
91.692 238.478
91.725 238.480
91.757 238.482
91.789 238.484
91.821 238.486
91.853 238.488
91.886 238.489
91.918 238.491
91.950 238.493
91.982 238.495
92.014 238.497
92.047 238.499
92.079 238.500
92.111 238.502
92.143 238.504
92.176 238.506
92.208 238.507
92.240 238.509
92.272 238.511
92.305 238.513
92.337 238.515
92.369 238.516
92.401 238.518
92.433 238.520
92.466 238.522
92.498 238.524
92.530 238.525
92.562 238.527
92.594 238.529
92.627 238.531
92.659 238.533
92.691 238.534
92.723 238.536
92.756 238.538
92.788 238.540
92.820 238.541
92.852 238.543
92.885 238.545
92.917 238.547
92.949 238.549
92.981 238.550
93.013 238.552
93.046 238.554
93.078 238.556
93.110 238.557
93.142 238.559
93.175 238.561
93.207 238.563
93.239 238.565
93.271 238.566
93.303 238.568
93.336 238.570
93.368 238.572
93.400 238.573
93.432 238.575
93.465 238.577
93.497 238.579
93.529 238.580
93.561 238.582
93.594 238.584
93.626 238.585
93.658 238.587
93.690 238.589
93.722 238.591
93.755 238.592
93.787 238.594
93.819 238.596
93.851 238.598
93.883 238.599
93.916 238.601
93.948 238.603
93.980 238.605
94.012 238.606
94.045 238.608
94.077 238.610
94.109 238.611
94.141 238.613
94.174 238.615
94.206 238.617
94.238 238.618
94.270 238.620
94.302 238.622
94.335 238.624
94.367 238.625
94.399 238.627
94.431 238.629
94.463 238.631
94.496 238.632
94.528 238.634
94.560 238.636
94.592 238.637
94.625 238.639
94.657 238.641
94.689 238.642
94.721 238.644
94.754 238.646
94.786 238.647
94.818 238.649
94.850 238.651
94.882 238.653
94.915 238.654
94.947 238.656
94.979 238.658
95.011 238.660
95.044 238.661
95.076 238.663
95.108 238.665
95.140 238.666
95.172 238.668
95.205 238.670
95.237 238.671
95.269 238.673
95.301 238.675
95.334 238.676
95.366 238.678
95.398 238.680
95.430 238.681
95.463 238.683
95.495 238.685
95.527 238.686
95.559 238.688
95.591 238.690
95.624 238.691
95.656 238.693
95.688 238.695
95.720 238.696
95.752 238.698
95.785 238.700
95.817 238.702
95.849 238.703
95.881 238.705
95.914 238.706
95.946 238.708
95.978 238.710
96.010 238.711
96.043 238.713
96.075 238.715
96.107 238.716
96.139 238.718
96.171 238.720
96.204 238.721
96.236 238.723
96.268 238.725
96.300 238.726
96.332 238.728
96.365 238.729
96.397 238.731
96.429 238.733
96.461 238.735
96.494 238.736
96.526 238.738
96.558 238.739
96.590 238.741
96.623 238.743
96.655 238.744
96.687 238.746
96.719 238.748
96.751 238.749
96.784 238.751
96.816 238.753
96.848 238.754
96.880 238.756
96.913 238.757
96.945 238.759
96.977 238.761
97.009 238.762
97.041 238.764
97.074 238.766
97.106 238.767
97.138 238.769
97.170 238.770
97.203 238.772
97.235 238.774
97.267 238.775
97.299 238.777
97.332 238.778
97.364 238.780
97.396 238.782
97.428 238.783
97.460 238.785
97.493 238.787
97.525 238.788
97.557 238.790
97.589 238.791
97.621 238.793
97.654 238.795
97.686 238.796
97.718 238.798
97.750 238.799
97.783 238.801
97.815 238.803
97.847 238.804
97.879 238.806
97.912 238.807
97.944 238.809
97.976 238.810
98.008 238.812
98.040 238.814
98.073 238.815
98.105 238.817
98.137 238.818
98.169 238.820
98.201 238.822
98.234 238.823
98.266 238.825
98.298 238.826
98.330 238.828
98.363 238.830
98.395 238.831
98.427 238.833
98.459 238.834
98.492 238.836
98.524 238.837
98.556 238.839
98.588 238.841
98.620 238.842
98.653 238.844
98.685 238.845
98.717 238.847
98.749 238.849
98.782 238.850
98.814 238.852
98.846 238.853
98.878 238.855
98.910 238.856
98.943 238.858
98.975 238.859
99.007 238.861
99.039 238.863
99.072 238.864
99.104 238.866
99.136 238.867
99.168 238.869
99.201 238.870
99.233 238.872
99.265 238.874
99.297 238.875
99.329 238.877
99.362 238.878
99.394 238.880
99.426 238.881
99.458 238.883
99.490 238.884
99.523 238.886
99.555 238.888
99.587 238.889
99.619 238.890
99.652 238.892
99.684 238.894
99.716 238.895
99.748 238.897
99.781 238.898
99.813 238.900
99.845 238.901
99.877 238.903
99.909 238.904
99.942 238.906
99.974 238.908
