0.253 0.154
0.776 5.133
0.792 10.007
1.299 9.142
1.315 12.029
1.331 14.846
1.348 17.594
1.822 15.181
1.838 17.193
1.854 19.171
1.871 21.113
1.887 23.023
1.903 24.900
1.919 26.746
1.935 28.559
2.345 25.258
2.361 26.755
2.377 28.233
2.393 29.689
2.409 31.127
2.426 32.545
2.442 33.945
2.458 35.326
2.474 36.688
2.491 38.034
2.507 39.362
2.523 40.673
2.539 41.965
2.555 43.243
2.572 44.505
2.588 45.751
2.867 42.667
2.884 43.796
2.900 44.912
2.916 46.015
2.932 47.105
2.949 48.184
2.965 49.251
2.981 50.307
2.997 51.350
3.013 52.383
3.030 53.405
3.046 54.417
3.062 55.415
3.078 56.405
3.095 57.385
3.111 58.355
3.127 59.312
3.143 60.262
3.159 61.201
3.176 62.131
3.390 59.362
3.406 60.238
3.423 61.106
3.439 61.965
3.455 62.815
3.471 63.658
3.487 64.494
3.504 65.322
3.520 66.140
3.536 66.953
3.552 67.758
3.569 68.556
3.585 69.345
3.601 70.128
3.617 70.905
3.634 71.675
3.650 72.435
3.666 73.192
3.682 73.941
3.698 74.684
3.913 71.596
3.929 72.305
3.945 73.008
3.962 73.706
3.978 74.395
3.994 75.081
4.010 75.762
4.027 76.437
4.043 77.105
4.059 77.769
4.075 78.428
4.091 79.082
4.108 79.728
4.124 80.372
4.140 81.010
4.156 81.644
4.173 82.270
4.189 82.894
4.205 83.513
4.221 84.127
4.436 80.947
4.452 81.538
4.468 82.125
4.484 82.709
4.501 83.286
4.517 83.860
4.533 84.431
4.549 84.998
4.566 85.558
4.582 86.117
4.598 86.672
4.614 87.222
4.630 87.769
4.647 88.310
4.663 88.850
4.679 89.385
4.695 89.917
4.712 90.443
4.728 90.968
4.744 91.489
4.959 88.325
4.975 88.831
4.991 89.333
5.007 89.832
5.024 90.325
5.040 90.818
5.056 91.307
5.072 91.794
5.088 92.275
5.105 92.755
5.121 93.232
5.137 93.706
5.153 94.177
5.170 94.643
5.186 95.108
5.202 95.571
5.218 96.030
5.234 96.485
5.251 96.938
5.267 97.389
5.481 94.296
5.498 94.736
5.514 95.173
5.530 95.608
5.546 96.040
5.562 96.468
5.579 96.895
5.595 97.319
5.611 97.742
5.627 98.160
5.644 98.577
5.660 98.992
5.676 99.404
5.692 99.813
5.708 100.221
5.725 100.626
5.741 101.029
5.757 101.429
5.773 101.827
5.790 102.224
6.004 99.229
6.020 99.616
6.037 100.002
6.053 100.386
6.069 100.768
6.085 101.147
6.101 101.525
6.118 101.901
6.134 102.275
6.150 102.645
6.166 103.015
6.183 103.384
6.199 103.750
6.215 104.113
6.231 104.475
6.247 104.836
6.264 105.194
6.280 105.550
6.296 105.905
6.312 106.258
6.527 103.370
6.543 103.716
6.559 104.061
6.576 104.405
6.592 104.747
6.608 105.085
6.624 105.424
6.641 105.761
6.657 106.096
6.673 106.428
6.689 106.760
6.705 107.091
6.722 107.420
6.738 107.745
6.754 108.071
6.770 108.395
6.787 108.718
6.803 109.037
6.819 109.357
6.835 109.675
7.050 106.897
7.066 107.209
7.082 107.521
7.098 107.831
7.115 108.140
7.131 108.446
7.147 108.753
7.163 109.057
7.179 109.361
7.196 109.661
7.212 109.962
7.228 110.262
7.244 110.560
7.261 110.855
7.277 111.150
7.293 111.444
7.309 111.737
7.325 112.028
7.342 112.317
7.358 112.606
7.572 109.937
7.589 110.221
7.605 110.505
7.621 110.788
7.637 111.069
7.654 111.348
7.670 111.628
7.686 111.906
7.702 112.182
7.719 112.457
7.735 112.731
7.751 113.005
7.767 113.277
7.783 113.548
7.800 113.816
7.816 114.085
7.832 114.353
7.848 114.620
7.865 114.884
7.881 115.148
8.095 112.585
8.112 112.845
8.128 113.105
8.144 113.365
8.160 113.623
8.177 113.879
8.193 114.136
8.209 114.391
8.225 114.645
8.241 114.899
8.258 115.150
8.274 115.401
8.290 115.651
8.306 115.901
8.322 116.148
8.339 116.395
8.355 116.642
8.371 116.887
8.387 117.131
8.404 117.374
8.618 114.911
8.634 115.151
8.651 115.391
8.667 115.631
8.683 115.869
8.699 116.107
8.716 116.343
8.732 116.579
8.748 116.814
8.764 117.048
8.780 117.280
8.797 117.513
8.813 117.744
8.829 117.975
8.845 118.204
8.861 118.433
8.878 118.661
8.894 118.889
8.910 119.114
8.926 119.340
9.141 116.971
9.157 117.195
9.173 117.417
9.190 117.639
9.206 117.860
9.222 118.081
9.238 118.300
9.255 118.519
9.271 118.738
9.287 118.955
9.303 119.171
9.319 119.387
9.336 119.603
9.352 119.817
9.368 120.030
9.384 120.243
9.400 120.456
9.417 120.667
9.433 120.877
9.449 121.087
9.664 118.808
9.680 119.017
9.696 119.224
9.712 119.431
9.729 119.638
9.745 119.844
9.761 120.048
9.777 120.252
9.793 120.456
9.810 120.659
9.826 120.861
9.842 121.063
9.858 121.264
9.875 121.465
9.891 121.663
9.907 121.863
9.923 122.061
9.940 122.259
9.956 122.455
9.972 122.652
10.187 120.457
10.203 120.652
10.219 120.846
10.235 121.040
10.251 121.233
10.268 121.426
10.284 121.618
10.300 121.809
10.316 122.000
10.332 122.191
10.349 122.380
10.365 122.569
10.381 122.758
10.397 122.946
10.414 123.133
10.430 123.320
10.446 123.506
10.462 123.692
10.479 123.877
10.495 124.061
10.709 121.944
10.726 122.128
10.742 122.310
10.758 122.492
10.774 122.674
10.790 122.856
10.807 123.036
10.823 123.216
10.839 123.396
10.855 123.575
10.871 123.754
10.888 123.931
10.904 124.109
10.920 124.286
10.936 124.463
10.953 124.638
10.969 124.813
10.985 124.988
11.001 125.163
11.018 125.336
11.232 123.293
11.248 123.467
11.265 123.638
11.281 123.810
11.297 123.982
11.313 124.153
11.329 124.324
11.346 124.493
11.362 124.663
11.378 124.832
11.394 125.001
11.411 125.168
11.427 125.336
11.443 125.503
11.459 125.670
11.476 125.835
11.492 126.001
11.508 126.167
11.524 126.332
11.540 126.495
11.755 124.523
11.771 124.686
11.787 124.850
11.804 125.012
11.820 125.174
11.836 125.336
11.852 125.498
11.868 125.658
11.885 125.818
11.901 125.979
11.917 126.138
11.933 126.297
11.950 126.456
11.966 126.614
11.982 126.772
11.998 126.929
12.014 127.086
12.031 127.243
12.047 127.399
12.063 127.554
12.278 125.647
12.294 125.802
12.310 125.957
12.326 126.111
12.343 126.265
12.359 126.419
12.375 126.572
12.391 126.724
12.408 126.876
12.424 127.029
12.440 127.180
12.456 127.331
12.472 127.481
12.489 127.632
12.505 127.782
12.521 127.931
12.537 128.080
12.553 128.229
12.570 128.378
12.586 128.525
12.800 126.680
12.817 126.827
12.833 126.975
12.849 127.121
12.865 127.267
12.882 127.413
12.898 127.559
12.914 127.704
12.930 127.849
12.947 127.994
12.963 128.138
12.979 128.281
12.995 128.425
13.011 128.568
13.028 128.711
13.044 128.853
13.060 128.995
13.076 129.137
13.092 129.278
13.109 129.420
13.323 127.631
13.339 127.772
13.356 127.912
13.372 128.052
13.388 128.191
13.404 128.331
13.421 128.470
13.437 128.607
13.453 128.746
13.469 128.884
13.486 129.022
13.502 129.158
13.518 129.295
13.534 129.432
13.550 129.568
13.567 129.704
13.583 129.839
13.599 129.975
13.615 130.110
13.632 130.245
13.846 128.511
13.862 128.645
13.879 128.779
13.895 128.912
13.911 129.046
13.927 129.179
13.943 129.312
13.960 129.443
13.976 129.576
13.992 129.708
14.008 129.839
14.024 129.971
14.041 130.101
14.057 130.231
14.073 130.362
14.089 130.492
14.106 130.621
14.122 130.750
14.138 130.880
14.154 131.009
14.369 129.327
14.385 129.455
14.401 129.584
14.418 129.711
14.434 129.838
14.450 129.966
14.466 130.093
14.482 130.220
14.499 130.346
14.515 130.472
14.531 130.598
14.547 130.724
14.564 130.848
14.580 130.974
14.596 131.099
14.612 131.223
14.629 131.347
14.645 131.471
14.661 131.595
14.677 131.718
14.892 130.085
14.908 130.208
14.924 130.331
14.940 130.454
14.957 130.576
14.973 130.698
14.989 130.820
15.005 130.942
15.021 131.062
15.038 131.183
15.054 131.304
15.070 131.425
15.086 131.544
15.103 131.665
15.119 131.784
15.135 131.904
15.151 132.022
15.168 132.142
15.184 132.260
15.200 132.379
15.415 130.792
15.431 130.910
15.447 131.029
15.463 131.146
15.479 131.263
15.496 131.381
15.512 131.498
15.528 131.615
15.544 131.730
15.560 131.847
15.577 131.963
15.593 132.079
15.609 132.194
15.625 132.309
15.642 132.424
15.658 132.539
15.674 132.653
15.690 132.768
15.707 132.882
15.723 132.996
15.937 131.453
15.954 131.566
15.970 131.680
15.986 131.793
16.002 131.906
16.018 132.019
16.035 132.131
16.051 132.244
16.067 132.355
16.083 132.467
16.099 132.579
16.116 132.690
16.132 132.801
16.148 132.912
16.164 133.023
16.181 133.133
16.197 133.244
16.213 133.353
16.229 133.463
16.245 133.573
16.460 132.071
16.476 132.181
16.492 132.290
16.509 132.399
16.525 132.508
16.541 132.616
16.557 132.725
16.574 132.833
16.590 132.940
16.606 133.048
16.622 133.156
16.639 133.263
16.655 133.371
16.671 133.477
16.687 133.584
16.703 133.691
16.720 133.797
16.736 133.902
16.752 134.008
16.768 134.114
16.983 132.652
16.999 132.757
17.015 132.863
17.032 132.968
17.048 133.073
17.064 133.177
17.080 133.282
17.096 133.387
17.113 133.491
17.129 133.594
17.145 133.698
17.161 133.802
17.177 133.905
17.194 134.008
17.210 134.111
17.226 134.214
17.242 134.316
17.259 134.418
17.275 134.520
17.291 134.623
17.506 133.198
17.522 133.300
17.538 133.402
17.554 133.503
17.570 133.605
17.587 133.705
17.603 133.806
17.619 133.907
17.635 134.008
17.652 134.108
17.668 134.208
17.684 134.308
17.700 134.408
17.717 134.507
17.733 134.607
17.749 134.706
17.765 134.805
17.782 134.904
17.798 135.003
17.814 135.101
18.028 133.713
18.045 133.810
18.061 133.909
18.077 134.007
18.093 134.105
18.110 134.202
18.126 134.300
18.142 134.398
18.158 134.495
18.174 134.591
18.191 134.689
18.207 134.785
18.223 134.882
18.239 134.978
18.256 135.074
18.272 135.170
18.288 135.266
18.304 135.361
18.320 135.457
18.337 135.553
18.551 134.198
18.567 134.293
18.584 134.388
18.600 134.483
18.616 134.578
18.632 134.672
18.649 134.766
18.665 134.861
18.681 134.955
18.697 135.048
18.713 135.142
18.730 135.236
18.746 135.330
18.762 135.422
18.778 135.516
18.795 135.609
18.811 135.702
18.827 135.794
18.843 135.886
18.860 135.979
19.074 134.656
19.090 134.748
19.107 134.840
19.123 134.932
19.139 135.024
19.155 135.115
19.171 135.207
19.188 135.299
19.204 135.390
19.220 135.480
19.236 135.571
19.253 135.662
19.269 135.753
19.285 135.843
19.301 135.933
19.317 136.023
19.334 136.113
19.350 136.203
19.366 136.292
19.382 136.382
19.597 135.091
19.613 135.180
19.629 135.269
19.645 135.358
19.662 135.447
19.678 135.536
19.694 135.624
19.710 135.713
19.727 135.802
19.743 135.889
19.759 135.978
19.775 136.066
19.791 136.154
19.808 136.242
19.824 136.329
19.840 136.416
19.856 136.504
19.873 136.591
19.889 136.677
19.905 136.764
20.120 135.502
20.136 135.588
20.152 135.675
20.168 135.762
20.184 135.848
20.201 135.935
20.217 136.020
20.233 136.106
20.249 136.192
20.266 136.278
20.282 136.363
20.298 136.449
20.314 136.534
20.331 136.619
20.347 136.704
20.363 136.789
20.379 136.874
20.395 136.958
20.412 137.042
20.428 137.127
20.642 135.893
20.659 135.977
20.675 136.061
20.691 136.145
20.707 136.229
20.724 136.313
20.740 136.396
20.756 136.480
20.772 136.563
20.788 136.647
20.805 136.729
20.821 136.812
20.837 136.895
20.853 136.978
20.870 137.060
20.886 137.143
20.902 137.225
20.918 137.308
20.934 137.389
20.951 137.471
21.165 136.264
21.181 136.346
21.198 136.428
21.214 136.509
21.230 136.591
21.246 136.673
21.263 136.753
21.279 136.835
21.295 136.916
21.311 136.997
21.328 137.077
21.344 137.158
21.360 137.239
21.376 137.319
21.392 137.399
21.409 137.479
21.425 137.560
21.441 137.640
21.457 137.719
21.474 137.799
21.688 136.618
21.704 136.698
21.721 136.777
21.737 136.856
21.753 136.936
21.769 137.015
21.785 137.094
21.802 137.173
21.818 137.252
21.834 137.331
21.850 137.409
21.866 137.487
21.883 137.566
21.899 137.644
21.915 137.722
21.931 137.800
21.948 137.878
21.964 137.956
21.980 138.034
21.996 138.111
22.211 136.955
22.227 137.032
22.243 137.109
22.259 137.187
22.276 137.264
22.292 137.341
22.308 137.418
22.324 137.495
22.341 137.572
22.357 137.649
22.373 137.725
22.389 137.801
22.405 137.878
22.422 137.954
22.438 138.030
22.454 138.106
22.470 138.182
22.487 138.258
22.503 138.333
22.519 138.409
22.734 137.276
22.750 137.352
22.766 137.427
22.782 137.502
22.799 137.578
22.815 137.653
22.831 137.727
22.847 137.802
22.863 137.877
22.880 137.952
22.896 138.027
22.912 138.101
22.928 138.175
22.945 138.250
22.961 138.324
22.977 138.398
22.993 138.472
23.009 138.546
23.026 138.619
23.042 138.693
23.256 137.583
23.273 137.657
23.289 137.730
23.305 137.803
23.321 137.877
23.337 137.950
23.354 138.023
23.370 138.096
23.386 138.169
23.402 138.242
23.419 138.315
23.435 138.387
23.451 138.460
23.467 138.532
23.483 138.605
23.500 138.676
23.516 138.749
23.532 138.821
23.548 138.893
23.565 138.964
23.779 137.877
23.795 137.948
23.812 138.020
23.828 138.091
23.844 138.163
23.860 138.235
23.877 138.306
23.893 138.377
23.909 138.448
23.925 138.519
23.941 138.590
23.958 138.661
23.974 138.732
23.990 138.802
24.006 138.873
24.023 138.943
24.039 139.014
24.055 139.084
24.071 139.154
24.087 139.224
24.302 138.157
24.318 138.228
24.334 138.298
24.351 138.367
24.367 138.437
24.383 138.507
24.399 138.577
24.416 138.646
24.432 138.715
24.448 138.785
24.464 138.854
24.480 138.923
24.497 138.992
24.513 139.061
24.529 139.130
24.545 139.198
24.562 139.267
24.578 139.336
24.594 139.405
24.610 139.473
24.825 138.426
24.841 138.495
24.857 138.563
24.873 138.631
24.890 138.699
24.906 138.768
24.922 138.836
24.938 138.903
24.955 138.971
24.971 139.039
24.987 139.107
25.003 139.174
25.020 139.241
25.036 139.309
25.052 139.376
25.068 139.444
25.084 139.510
25.101 139.577
25.117 139.644
25.133 139.711
25.348 138.684
25.364 138.751
25.380 138.818
25.396 138.884
25.413 138.951
25.429 139.018
25.445 139.084
25.461 139.150
25.477 139.217
25.494 139.283
25.510 139.349
25.526 139.415
25.542 139.481
25.558 139.547
25.575 139.612
25.591 139.678
25.607 139.743
25.623 139.809
25.640 139.875
25.656 139.940
25.870 138.932
25.887 138.997
25.903 139.063
25.919 139.127
25.935 139.193
25.951 139.258
25.968 139.323
25.984 139.388
26.000 139.452
26.016 139.517
26.033 139.582
26.049 139.646
26.065 139.710
26.081 139.775
26.098 139.839
26.114 139.904
26.130 139.967
26.146 140.031
26.162 140.095
26.179 140.160
26.393 139.169
26.409 139.233
26.426 139.297
26.442 139.361
26.458 139.424
26.474 139.488
26.491 139.552
26.507 139.615
26.523 139.678
26.539 139.742
26.555 139.805
26.572 139.868
26.588 139.931
26.604 139.994
26.620 140.057
26.637 140.120
26.653 140.182
26.669 140.245
26.685 140.308
26.701 140.370
26.916 139.398
26.932 139.460
26.948 139.523
26.965 139.586
26.981 139.647
26.997 139.710
27.013 139.772
27.029 139.834
27.046 139.896
27.062 139.958
27.078 140.020
27.094 140.082
27.111 140.143
27.127 140.205
27.143 140.266
27.159 140.328
27.176 140.389
27.192 140.450
27.208 140.512
27.224 140.573
27.439 139.618
27.455 139.679
27.471 139.740
27.487 139.801
27.504 139.862
27.520 139.923
27.536 139.984
27.552 140.045
27.569 140.105
27.585 140.166
27.601 140.226
27.617 140.287
27.634 140.347
27.650 140.408
27.666 140.468
27.682 140.528
27.698 140.588
27.715 140.648
27.731 140.708
27.747 140.768
27.962 139.829
27.978 139.889
27.994 139.949
28.010 140.009
28.026 140.068
28.043 140.128
28.059 140.188
28.075 140.247
28.091 140.307
28.108 140.366
28.124 140.425
28.140 140.485
28.156 140.544
28.172 140.603
28.189 140.662
28.205 140.721
28.221 140.780
28.237 140.839
28.254 140.897
28.270 140.956
28.484 140.033
28.501 140.092
28.517 140.150
28.533 140.209
28.549 140.267
28.566 140.326
28.582 140.384
28.598 140.443
28.614 140.501
28.630 140.559
28.647 140.617
28.663 140.675
28.679 140.733
28.695 140.791
28.712 140.849
28.728 140.907
28.744 140.965
28.760 141.022
28.776 141.080
28.793 141.137
29.007 140.229
29.023 140.287
29.040 140.344
29.056 140.402
29.072 140.459
29.088 140.516
29.105 140.574
29.121 140.631
29.137 140.688
29.153 140.745
29.169 140.802
29.186 140.859
29.202 140.916
29.218 140.972
29.234 141.029
29.250 141.086
29.267 141.143
29.283 141.199
29.299 141.255
29.315 141.312
29.530 140.419
29.546 140.475
29.562 140.532
29.579 140.588
29.595 140.644
29.611 140.700
29.627 140.756
29.643 140.813
29.660 140.869
29.676 140.924
29.692 140.980
29.708 141.036
29.725 141.092
29.741 141.147
29.757 141.203
29.773 141.259
29.790 141.314
29.806 141.370
29.822 141.425
29.838 141.480
30.053 140.602
30.069 140.657
30.085 140.712
30.101 140.768
30.118 140.823
30.134 140.878
30.150 140.933
30.166 140.988
30.183 141.043
30.199 141.098
30.215 141.152
30.231 141.207
30.247 141.262
30.264 141.316
30.280 141.371
30.296 141.426
30.312 141.480
30.329 141.534
30.345 141.589
30.361 141.643
30.576 140.779
30.592 140.833
30.608 140.887
30.624 140.941
30.640 140.995
30.657 141.049
30.673 141.103
30.689 141.157
30.705 141.211
30.722 141.265
30.738 141.319
30.754 141.373
30.770 141.426
30.787 141.480
30.803 141.533
30.819 141.587
30.835 141.641
30.851 141.694
30.868 141.747
30.884 141.800
31.098 140.949
31.115 141.002
31.131 141.056
31.147 141.109
31.163 141.162
31.180 141.215
31.196 141.268
31.212 141.321
31.228 141.374
31.244 141.427
31.261 141.480
31.277 141.532
31.293 141.585
31.309 141.638
31.326 141.690
31.342 141.743
31.358 141.795
31.374 141.848
31.390 141.900
31.407 141.952
31.621 141.114
31.637 141.166
31.654 141.219
31.670 141.271
31.686 141.323
31.702 141.375
31.718 141.427
31.735 141.479
31.751 141.531
31.767 141.583
31.783 141.635
31.800 141.687
31.816 141.739
31.832 141.791
31.848 141.842
31.864 141.894
31.881 141.945
31.897 141.997
31.913 142.048
31.929 142.099
32.144 141.274
32.160 141.325
32.176 141.376
32.193 141.428
32.209 141.479
32.225 141.530
32.241 141.581
32.258 141.633
32.274 141.684
32.290 141.735
32.306 141.785
32.322 141.836
32.339 141.887
32.355 141.938
32.371 141.989
32.387 142.039
32.404 142.090
32.420 142.141
32.436 142.191
32.452 142.242
32.667 141.428
32.683 141.479
32.699 141.529
32.715 141.580
32.732 141.630
32.748 141.681
32.764 141.730
32.780 141.781
32.797 141.831
32.813 141.881
32.829 141.931
32.845 141.981
32.861 142.031
32.878 142.081
32.894 142.131
32.910 142.181
32.926 142.231
32.943 142.280
32.959 142.330
32.975 142.379
33.190 141.578
33.206 141.628
33.222 141.677
33.238 141.727
33.254 141.776
33.271 141.826
33.287 141.875
33.303 141.924
33.319 141.974
33.336 142.023
33.352 142.072
33.368 142.121
33.384 142.171
33.400 142.220
33.417 142.268
33.433 142.317
33.449 142.366
33.465 142.415
33.482 142.464
33.498 142.513
33.712 141.723
33.728 141.772
33.745 141.820
33.761 141.869
33.777 141.918
33.793 141.967
33.810 142.015
33.826 142.064
33.842 142.112
33.858 142.161
33.875 142.209
33.891 142.257
33.907 142.306
33.923 142.354
33.940 142.402
33.956 142.450
33.972 142.498
33.988 142.546
34.004 142.595
34.021 142.642
34.235 141.864
34.251 141.912
34.268 141.959
34.284 142.007
34.300 142.055
34.316 142.103
34.333 142.151
34.349 142.199
34.365 142.246
34.381 142.294
34.397 142.341
34.414 142.389
34.430 142.437
34.446 142.484
34.462 142.532
34.478 142.579
34.495 142.626
34.511 142.673
34.527 142.721
34.543 142.768
34.758 142.000
34.774 142.047
34.790 142.094
34.807 142.141
34.823 142.189
34.839 142.236
34.855 142.283
34.871 142.329
34.888 142.376
34.904 142.423
34.920 142.470
34.936 142.517
34.953 142.564
34.969 142.610
34.985 142.657
35.001 142.703
35.017 142.750
35.034 142.797
35.050 142.843
35.066 142.889
35.281 142.132
35.297 142.179
35.313 142.225
35.329 142.272
35.346 142.318
35.362 142.364
35.378 142.411
35.394 142.457
35.410 142.503
35.427 142.549
35.443 142.595
35.459 142.641
35.475 142.687
35.492 142.733
35.508 142.779
35.524 142.824
35.540 142.870
35.556 142.916
35.573 142.962
35.589 143.007
35.803 142.261
35.820 142.307
35.836 142.352
35.852 142.398
35.868 142.443
35.885 142.489
35.901 142.535
35.917 142.580
35.933 142.625
35.950 142.671
35.966 142.716
35.982 142.761
35.998 142.807
36.014 142.852
36.031 142.897
36.047 142.942
36.063 142.987
36.079 143.032
36.096 143.077
36.112 143.122
36.326 142.386
36.343 142.431
36.359 142.476
36.375 142.520
36.391 142.565
36.407 142.610
36.424 142.655
36.440 142.700
36.456 142.744
36.472 142.789
36.489 142.834
36.505 142.878
36.521 142.923
36.537 142.968
36.553 143.012
36.570 143.056
36.586 143.101
36.602 143.145
36.618 143.190
36.635 143.234
36.849 142.507
36.865 142.551
36.882 142.596
36.898 142.640
36.914 142.684
36.930 142.728
36.946 142.772
36.963 142.816
36.979 142.860
36.995 142.904
37.011 142.948
37.028 142.992
37.044 143.036
37.060 143.080
37.076 143.124
37.092 143.168
37.109 143.211
37.125 143.255
37.141 143.299
37.157 143.342
37.372 142.625
37.388 142.668
37.404 142.712
37.421 142.755
37.437 142.799
37.453 142.843
37.469 142.886
37.486 142.929
37.502 142.973
37.518 143.016
37.534 143.059
37.550 143.103
37.567 143.146
37.583 143.189
37.599 143.232
37.615 143.275
37.632 143.318
37.648 143.361
37.664 143.404
37.680 143.448
37.895 142.739
37.911 142.782
37.927 142.825
37.943 142.868
37.960 142.911
37.976 142.954
37.992 142.997
38.008 143.040
38.025 143.082
38.041 143.125
38.057 143.168
38.073 143.210
38.089 143.253
38.106 143.295
38.122 143.338
38.138 143.380
38.154 143.423
38.170 143.465
38.187 143.508
38.203 143.550
38.417 142.851
38.434 142.893
38.450 142.936
38.466 142.978
38.482 143.020
38.499 143.062
38.515 143.104
38.531 143.147
38.547 143.189
38.563 143.231
38.580 143.273
38.596 143.315
38.612 143.357
38.628 143.399
38.645 143.441
38.661 143.483
38.677 143.524
38.693 143.566
38.709 143.608
38.726 143.650
38.940 142.959
38.956 143.001
38.973 143.043
38.989 143.085
39.005 143.126
39.021 143.168
39.038 143.209
39.054 143.251
39.070 143.292
39.086 143.334
39.102 143.375
39.119 143.417
39.135 143.458
39.151 143.499
39.167 143.541
39.184 143.582
39.200 143.623
39.216 143.664
39.232 143.705
39.248 143.747
39.463 143.065
39.479 143.106
39.495 143.147
39.512 143.188
39.528 143.229
39.544 143.270
39.560 143.311
39.577 143.352
39.593 143.393
39.609 143.434
39.625 143.475
39.642 143.516
39.658 143.556
39.674 143.597
39.690 143.638
39.706 143.679
39.723 143.719
39.739 143.760
39.755 143.800
39.771 143.841
39.986 143.168
40.002 143.208
40.018 143.249
40.035 143.289
40.051 143.330
40.067 143.370
40.083 143.411
40.099 143.451
40.116 143.491
40.132 143.532
40.148 143.572
40.164 143.612
40.181 143.653
40.197 143.692
40.213 143.733
40.229 143.773
40.245 143.813
40.262 143.853
40.278 143.893
40.294 143.933
40.509 143.268
40.525 143.308
40.541 143.348
40.557 143.388
40.574 143.428
40.590 143.468
40.606 143.508
40.622 143.547
40.638 143.587
40.655 143.627
40.671 143.667
40.687 143.706
40.703 143.746
40.720 143.785
40.736 143.825
40.752 143.865
40.768 143.904
40.785 143.944
40.801 143.983
40.817 144.023
41.032 143.365
41.048 143.405
41.064 143.445
41.080 143.484
41.096 143.523
41.113 143.562
41.129 143.602
41.145 143.641
41.161 143.681
41.178 143.719
41.194 143.759
41.210 143.798
41.226 143.837
41.242 143.876
41.259 143.915
41.275 143.954
41.291 143.993
41.307 144.032
41.324 144.071
41.340 144.110
41.554 143.461
41.571 143.500
41.587 143.539
41.603 143.578
41.619 143.616
41.635 143.655
41.652 143.694
41.668 143.733
41.684 143.771
41.700 143.810
41.717 143.849
41.733 143.887
41.749 143.926
41.765 143.964
41.781 144.003
41.798 144.041
41.814 144.080
41.830 144.118
41.846 144.157
41.862 144.195
42.077 143.554
42.093 143.592
42.109 143.630
42.126 143.669
42.142 143.707
42.158 143.745
42.174 143.784
42.191 143.822
42.207 143.860
42.223 143.898
42.239 143.936
42.255 143.974
42.272 144.013
42.288 144.050
42.304 144.088
42.320 144.127
42.337 144.165
42.353 144.202
42.369 144.240
42.385 144.278
42.600 143.644
42.616 143.682
42.632 143.720
42.648 143.758
42.665 143.796
42.681 143.833
42.697 143.871
42.713 143.909
42.730 143.947
42.746 143.984
42.762 144.022
42.778 144.059
42.794 144.097
42.811 144.134
42.827 144.172
42.843 144.210
42.859 144.247
42.876 144.285
42.892 144.322
42.908 144.359
43.123 143.733
43.139 143.770
43.155 143.807
43.171 143.845
43.188 143.882
43.204 143.919
43.220 143.956
43.236 143.994
43.252 144.031
43.269 144.068
43.285 144.105
43.301 144.142
43.317 144.180
43.334 144.217
43.350 144.253
43.366 144.291
43.382 144.328
43.398 144.365
43.415 144.401
43.431 144.438
43.645 143.819
43.662 143.856
43.678 143.892
43.694 143.929
43.710 143.966
43.727 144.003
43.743 144.040
43.759 144.077
43.775 144.113
43.791 144.150
43.808 144.187
43.824 144.223
43.840 144.260
43.856 144.297
43.873 144.333
43.889 144.370
43.905 144.406
43.921 144.443
43.938 144.479
43.954 144.516
44.168 143.903
44.184 143.939
44.201 143.976
44.217 144.012
44.233 144.049
44.249 144.085
44.266 144.121
44.282 144.158
44.298 144.194
44.314 144.230
44.331 144.266
44.347 144.302
44.363 144.339
44.379 144.375
44.395 144.411
44.412 144.447
44.428 144.483
44.444 144.519
44.460 144.555
44.477 144.591
44.691 143.985
44.707 144.021
44.724 144.057
44.740 144.093
44.756 144.129
44.772 144.165
44.788 144.201
44.805 144.237
44.821 144.272
44.837 144.308
44.853 144.344
44.870 144.380
44.886 144.415
44.902 144.451
44.918 144.487
44.934 144.522
44.951 144.558
44.967 144.594
44.983 144.629
44.999 144.665
45.214 144.066
45.230 144.101
45.246 144.136
45.263 144.172
45.279 144.208
45.295 144.243
45.311 144.278
45.327 144.314
45.344 144.349
45.360 144.385
45.376 144.420
45.392 144.455
45.408 144.490
45.425 144.526
45.441 144.561
45.457 144.596
45.473 144.631
45.490 144.666
45.506 144.701
45.522 144.737
45.737 144.144
45.753 144.179
45.769 144.214
45.785 144.249
45.801 144.284
45.818 144.319
45.834 144.354
45.850 144.389
45.866 144.424
45.883 144.459
45.899 144.494
45.915 144.529
45.931 144.564
45.947 144.599
45.964 144.633
45.980 144.668
45.996 144.703
46.012 144.738
46.029 144.772
46.045 144.807
46.259 144.221
46.276 144.255
46.292 144.290
46.308 144.325
46.324 144.359
46.340 144.394
46.357 144.428
46.373 144.463
46.389 144.498
46.405 144.532
46.422 144.567
46.438 144.601
46.454 144.635
46.470 144.670
46.486 144.704
46.503 144.738
46.519 144.773
46.535 144.807
46.551 144.842
46.568 144.876
46.782 144.296
46.798 144.330
46.815 144.364
46.831 144.398
46.847 144.433
46.863 144.467
46.880 144.501
46.896 144.535
46.912 144.569
46.928 144.603
46.944 144.638
46.961 144.671
46.977 144.705
46.993 144.740
47.009 144.774
47.026 144.807
47.042 144.841
47.058 144.875
47.074 144.909
47.090 144.943
47.305 144.369
47.321 144.403
47.337 144.437
47.354 144.470
47.370 144.504
47.386 144.538
47.402 144.572
47.419 144.606
47.435 144.639
47.451 144.673
47.467 144.707
47.483 144.740
47.500 144.774
47.516 144.808
47.532 144.841
47.548 144.875
47.565 144.908
47.581 144.942
47.597 144.975
47.613 145.009
47.828 144.441
47.844 144.474
47.860 144.508
47.877 144.541
47.893 144.574
47.909 144.608
47.925 144.641
47.941 144.675
47.958 144.708
47.974 144.741
47.990 144.775
48.006 144.808
48.023 144.841
48.039 144.874
48.055 144.908
48.071 144.940
48.087 144.974
48.104 145.007
48.120 145.040
48.136 145.073
48.351 144.511
48.367 144.544
48.383 144.577
48.399 144.610
48.416 144.643
48.432 144.676
48.448 144.709
48.464 144.742
48.480 144.775
48.497 144.808
48.513 144.841
48.529 144.874
48.545 144.907
48.562 144.939
48.578 144.972
48.594 145.005
48.610 145.038
48.626 145.071
48.643 145.103
48.659 145.136
48.873 144.580
48.890 144.612
48.906 144.645
48.922 144.678
48.938 144.710
48.955 144.743
48.971 144.776
48.987 144.808
49.003 144.841
49.019 144.873
49.036 144.906
49.052 144.938
49.068 144.971
49.084 145.003
49.100 145.036
49.117 145.068
49.133 145.100
49.149 145.133
49.165 145.165
49.182 145.198
49.396 144.647
49.412 144.679
49.429 144.712
49.445 144.744
49.461 144.776
49.477 144.808
49.493 144.841
49.510 144.873
49.526 144.905
49.542 144.937
49.558 144.969
49.575 145.002
49.591 145.034
49.607 145.066
49.623 145.098
49.639 145.130
49.656 145.162
49.672 145.194
49.688 145.226
49.704 145.258
49.919 144.713
49.935 144.745
49.951 144.777
49.968 144.809
49.984 144.840
50.000 144.872
50.016 144.904
50.032 144.936
50.049 144.968
50.065 145.000
50.081 145.032
50.097 145.064
50.114 145.095
50.130 145.127
50.146 145.159
50.162 145.190
50.179 145.222
50.195 145.254
50.211 145.285
50.227 145.317
50.442 144.777
50.458 144.809
50.474 144.840
50.490 144.872
50.507 144.903
50.523 144.935
50.539 144.967
50.555 144.998
50.572 145.030
50.588 145.061
50.604 145.093
50.620 145.124
50.636 145.155
50.653 145.187
50.669 145.218
50.685 145.250
50.701 145.281
50.718 145.312
50.734 145.344
50.750 145.375
50.965 144.840
50.981 144.871
50.997 144.903
51.013 144.934
51.029 144.965
51.046 144.996
51.062 145.028
51.078 145.059
51.094 145.090
51.111 145.121
51.127 145.152
51.143 145.183
51.159 145.214
51.175 145.245
51.192 145.277
51.208 145.308
51.224 145.338
51.240 145.369
51.257 145.400
51.273 145.431
51.487 144.902
51.504 144.933
51.520 144.964
51.536 144.995
51.552 145.026
51.569 145.057
51.585 145.088
51.601 145.118
51.617 145.149
51.633 145.180
51.650 145.211
51.666 145.242
51.682 145.272
51.698 145.303
51.715 145.334
51.731 145.364
51.747 145.395
51.763 145.426
51.779 145.456
51.796 145.487
52.010 144.963
52.026 144.993
52.043 145.024
52.059 145.055
52.075 145.085
52.091 145.116
52.108 145.146
52.124 145.177
52.140 145.207
52.156 145.238
52.172 145.268
52.189 145.299
52.205 145.329
52.221 145.359
52.237 145.390
52.254 145.420
52.270 145.451
52.286 145.481
52.302 145.511
52.318 145.541
52.533 145.022
52.549 145.052
52.565 145.083
52.582 145.113
52.598 145.143
52.614 145.173
52.630 145.204
52.647 145.234
52.663 145.264
52.679 145.294
52.695 145.324
52.711 145.354
52.728 145.385
52.744 145.414
52.760 145.445
52.776 145.475
52.792 145.505
52.809 145.535
52.825 145.565
52.841 145.595
53.056 145.080
53.072 145.110
53.088 145.140
53.104 145.170
53.121 145.200
53.137 145.230
53.153 145.260
53.169 145.290
53.185 145.320
53.202 145.349
53.218 145.379
53.234 145.409
53.250 145.439
53.267 145.469
53.283 145.498
53.299 145.528
53.315 145.558
53.332 145.587
53.348 145.617
53.364 145.647
53.578 145.138
53.595 145.167
53.611 145.197
53.627 145.226
53.643 145.256
53.660 145.286
53.676 145.315
53.692 145.345
53.708 145.374
53.725 145.404
53.741 145.433
53.757 145.463
53.773 145.492
53.789 145.522
53.806 145.551
53.822 145.581
53.838 145.610
53.854 145.639
53.871 145.669
53.887 145.698
54.101 145.193
54.118 145.223
54.134 145.252
54.150 145.281
54.166 145.311
54.182 145.340
54.199 145.369
54.215 145.399
54.231 145.428
54.247 145.457
54.264 145.486
54.280 145.516
54.296 145.545
54.312 145.574
54.328 145.603
54.345 145.632
54.361 145.661
54.377 145.690
54.393 145.719
54.410 145.748
54.624 145.248
54.640 145.277
54.657 145.306
54.673 145.335
54.689 145.365
54.705 145.393
54.721 145.422
54.738 145.451
54.754 145.481
54.770 145.509
54.786 145.538
54.803 145.567
54.819 145.596
54.835 145.625
54.851 145.654
54.867 145.683
54.884 145.712
54.900 145.740
54.916 145.769
54.932 145.798
55.147 145.302
55.163 145.331
55.179 145.360
55.196 145.388
55.212 145.417
55.228 145.446
55.244 145.475
55.261 145.503
55.277 145.532
55.293 145.561
55.309 145.589
55.325 145.618
55.342 145.647
55.358 145.675
55.374 145.704
55.390 145.732
55.407 145.761
55.423 145.789
55.439 145.818
55.455 145.846
55.670 145.355
55.686 145.383
55.702 145.412
55.718 145.440
55.735 145.469
55.751 145.497
55.767 145.526
55.783 145.554
55.800 145.583
55.816 145.611
55.832 145.639
55.848 145.668
55.864 145.696
55.881 145.724
55.897 145.752
55.913 145.781
55.929 145.809
55.946 145.837
55.962 145.865
55.978 145.894
56.193 145.407
56.209 145.435
56.225 145.463
56.241 145.492
56.257 145.520
56.274 145.548
56.290 145.576
56.306 145.604
56.322 145.632
56.339 145.660
56.355 145.688
56.371 145.716
56.387 145.745
56.403 145.773
56.420 145.800
56.436 145.828
56.452 145.857
56.468 145.885
56.485 145.912
56.501 145.940
56.715 145.458
56.731 145.486
56.748 145.514
56.764 145.542
56.780 145.570
56.796 145.598
56.813 145.625
56.829 145.653
56.845 145.681
56.861 145.709
56.878 145.736
56.894 145.764
56.910 145.792
56.926 145.820
56.943 145.848
56.959 145.875
56.975 145.903
56.991 145.931
57.007 145.958
57.024 145.986
57.238 145.508
57.254 145.536
57.271 145.563
57.287 145.591
57.303 145.618
57.319 145.646
57.336 145.674
57.352 145.701
57.368 145.729
57.384 145.756
57.400 145.784
57.417 145.811
57.433 145.839
57.449 145.866
57.465 145.894
57.481 145.921
57.498 145.949
57.514 145.976
57.530 146.004
57.546 146.031
57.761 145.557
57.777 145.584
57.793 145.612
57.810 145.639
57.826 145.666
57.842 145.694
57.858 145.721
57.874 145.748
57.891 145.776
57.907 145.803
57.923 145.830
57.939 145.858
57.956 145.885
57.972 145.912
57.988 145.939
58.004 145.966
58.020 145.994
58.037 146.021
58.053 146.048
58.069 146.075
58.284 145.605
58.300 145.632
58.316 145.659
58.332 145.686
58.349 145.714
58.365 145.741
58.381 145.768
58.397 145.795
58.413 145.822
58.430 145.849
58.446 145.876
58.462 145.903
58.478 145.930
58.495 145.957
58.511 145.984
58.527 146.011
58.543 146.038
58.559 146.065
58.576 146.092
58.592 146.118
58.806 145.652
58.823 145.679
58.839 145.706
58.855 145.733
58.871 145.760
58.888 145.787
58.904 145.814
58.920 145.840
58.936 145.867
58.953 145.894
58.969 145.921
58.985 145.947
59.001 145.974
59.017 146.001
59.034 146.028
59.050 146.054
59.066 146.081
59.082 146.108
59.099 146.134
59.115 146.161
59.329 145.699
59.346 145.726
59.362 145.752
59.378 145.779
59.394 145.805
59.410 145.832
59.427 145.859
59.443 145.885
59.459 145.912
59.475 145.938
59.492 145.965
59.508 145.991
59.524 146.018
59.540 146.044
59.556 146.071
59.573 146.097
59.589 146.124
59.605 146.150
59.621 146.177
59.638 146.203
59.852 145.745
59.868 145.771
59.885 145.798
59.901 145.824
59.917 145.850
59.933 145.877
59.949 145.903
59.966 145.929
59.982 145.955
59.998 145.982
60.014 146.008
60.031 146.034
60.047 146.061
60.063 146.087
60.079 146.113
60.096 146.139
60.112 146.165
60.128 146.192
60.144 146.218
60.160 146.244
60.375 145.790
60.391 145.816
60.407 145.842
60.424 145.868
60.440 145.894
60.456 145.920
60.472 145.946
60.489 145.972
60.505 145.998
60.521 146.025
60.537 146.051
60.553 146.077
60.570 146.103
60.586 146.129
60.602 146.155
60.618 146.181
60.635 146.206
60.651 146.232
60.667 146.258
60.683 146.284
60.898 145.834
60.914 145.860
60.930 145.886
60.946 145.911
60.963 145.937
60.979 145.963
60.995 145.989
61.011 146.015
61.028 146.041
61.044 146.067
61.060 146.092
61.076 146.118
61.092 146.144
61.109 146.170
61.125 146.196
61.141 146.221
61.157 146.247
61.173 146.273
61.190 146.298
61.206 146.324
61.420 145.877
61.437 145.903
61.453 145.929
61.469 145.954
61.485 145.980
61.502 146.005
61.518 146.031
61.534 146.057
61.550 146.082
61.566 146.108
61.583 146.134
61.599 146.159
61.615 146.185
61.631 146.210
61.648 146.236
61.664 146.261
61.680 146.287
61.696 146.312
61.712 146.338
61.729 146.363
61.943 145.920
61.959 145.945
61.976 145.971
61.992 145.996
62.008 146.022
62.024 146.047
62.041 146.072
62.057 146.098
62.073 146.123
62.089 146.148
62.105 146.174
62.122 146.199
62.138 146.224
62.154 146.250
62.170 146.275
62.187 146.300
62.203 146.326
62.219 146.351
62.235 146.376
62.252 146.401
62.466 145.962
62.482 145.987
62.498 146.012
62.515 146.038
62.531 146.063
62.547 146.088
62.563 146.113
62.580 146.138
62.596 146.163
62.612 146.188
62.628 146.214
62.645 146.239
62.661 146.264
62.677 146.289
62.693 146.314
62.709 146.339
62.726 146.364
62.742 146.389
62.758 146.414
62.774 146.439
62.989 146.003
63.005 146.028
63.021 146.053
63.038 146.078
63.054 146.103
63.070 146.128
63.086 146.153
63.102 146.178
63.119 146.203
63.135 146.228
63.151 146.253
63.167 146.278
63.184 146.302
63.200 146.327
63.216 146.352
63.232 146.377
63.248 146.402
63.265 146.427
63.281 146.451
63.297 146.476
63.512 146.043
63.528 146.068
63.544 146.093
63.560 146.118
63.577 146.143
63.593 146.167
63.609 146.192
63.625 146.217
63.642 146.242
63.658 146.266
63.674 146.291
63.690 146.316
63.706 146.340
63.723 146.365
63.739 146.390
63.755 146.414
63.771 146.439
63.788 146.463
63.804 146.488
63.820 146.513
64.034 146.083
64.051 146.108
64.067 146.133
64.083 146.157
64.099 146.182
64.116 146.206
64.132 146.231
64.148 146.255
64.164 146.280
64.180 146.304
64.197 146.329
64.213 146.353
64.229 146.378
64.245 146.402
64.262 146.427
64.278 146.451
64.294 146.476
64.310 146.500
64.326 146.524
64.343 146.549
64.557 146.123
64.573 146.147
64.590 146.171
64.606 146.196
64.622 146.220
64.638 146.244
64.655 146.269
64.671 146.293
64.687 146.318
64.703 146.342
64.719 146.366
64.736 146.390
64.752 146.415
64.768 146.439
64.784 146.463
64.801 146.487
64.817 146.511
64.833 146.536
64.849 146.560
64.865 146.584
65.080 146.161
65.096 146.185
65.112 146.210
65.129 146.234
65.145 146.258
65.161 146.282
65.177 146.306
65.194 146.330
65.210 146.355
65.226 146.378
65.242 146.403
65.258 146.427
65.275 146.451
65.291 146.475
65.307 146.499
65.323 146.523
65.340 146.547
65.356 146.571
65.372 146.595
65.388 146.619
65.603 146.199
65.619 146.223
65.635 146.247
65.651 146.271
65.668 146.295
65.684 146.319
65.700 146.343
65.716 146.367
65.733 146.391
65.749 146.415
65.765 146.439
65.781 146.462
65.797 146.486
65.814 146.510
65.830 146.534
65.846 146.558
65.862 146.582
65.879 146.605
65.895 146.629
65.911 146.653
66.126 146.237
66.142 146.260
66.158 146.284
66.174 146.308
66.191 146.332
66.207 146.355
66.223 146.379
66.239 146.403
66.255 146.427
66.272 146.450
66.288 146.474
66.304 146.498
66.320 146.521
66.337 146.545
66.353 146.569
66.369 146.592
66.385 146.616
66.401 146.640
66.418 146.663
66.434 146.687
66.648 146.274
66.665 146.297
66.681 146.321
66.697 146.344
66.713 146.368
66.730 146.391
66.746 146.415
66.762 146.438
66.778 146.462
66.794 146.485
66.811 146.509
66.827 146.532
66.843 146.556
66.859 146.579
66.876 146.603
66.892 146.626
66.908 146.650
66.924 146.673
66.941 146.696
66.957 146.720
67.171 146.310
67.188 146.333
67.204 146.357
67.220 146.380
67.236 146.403
67.252 146.427
67.269 146.450
67.285 146.473
67.301 146.497
67.317 146.520
67.334 146.543
67.350 146.567
67.366 146.590
67.382 146.613
67.398 146.636
67.415 146.660
67.431 146.683
67.447 146.706
67.463 146.729
67.480 146.752
67.694 146.346
67.710 146.369
67.727 146.392
67.743 146.415
67.759 146.438
67.775 146.462
67.791 146.485
67.808 146.508
67.824 146.531
67.840 146.554
67.856 146.577
67.873 146.600
67.889 146.623
67.905 146.646
67.921 146.669
67.937 146.692
67.954 146.715
67.970 146.739
67.986 146.761
68.002 146.784
68.217 146.381
68.233 146.404
68.249 146.427
68.266 146.450
68.282 146.473
68.298 146.496
68.314 146.519
68.330 146.542
68.347 146.565
68.363 146.588
68.379 146.610
68.395 146.633
68.412 146.656
68.428 146.679
68.444 146.702
68.460 146.725
68.476 146.748
68.493 146.771
68.509 146.793
68.525 146.816
68.740 146.415
68.756 146.438
68.772 146.461
68.788 146.484
68.805 146.507
68.821 146.529
68.837 146.552
68.853 146.575
68.869 146.598
68.886 146.620
68.902 146.643
68.918 146.666
68.934 146.689
68.951 146.711
68.967 146.734
68.983 146.757
68.999 146.779
69.015 146.802
69.032 146.825
69.048 146.847
69.262 146.449
69.279 146.472
69.295 146.495
69.311 146.517
69.327 146.540
69.344 146.563
69.360 146.585
69.376 146.608
69.392 146.630
69.408 146.653
69.425 146.675
69.441 146.698
69.457 146.721
69.473 146.743
69.490 146.766
69.506 146.788
69.522 146.811
69.538 146.833
69.554 146.856
69.571 146.878
69.785 146.483
69.801 146.506
69.818 146.528
69.834 146.550
69.850 146.573
69.866 146.595
69.883 146.618
69.899 146.640
69.915 146.662
69.931 146.685
69.948 146.707
69.964 146.730
69.980 146.752
69.996 146.774
70.012 146.797
70.029 146.819
70.045 146.841
70.061 146.864
70.077 146.886
70.094 146.908
70.308 146.516
70.324 146.538
70.341 146.561
70.357 146.583
70.373 146.605
70.389 146.627
70.405 146.650
70.422 146.672
70.438 146.694
70.454 146.716
70.470 146.739
70.487 146.761
70.503 146.783
70.519 146.805
70.535 146.827
70.551 146.849
70.568 146.872
70.584 146.894
70.600 146.916
70.616 146.938
70.831 146.549
70.847 146.571
70.863 146.593
70.879 146.615
70.896 146.637
70.912 146.659
70.928 146.681
70.944 146.703
70.961 146.725
70.977 146.747
70.993 146.770
71.009 146.791
71.025 146.813
71.042 146.836
71.058 146.858
71.074 146.879
71.090 146.901
71.107 146.923
71.123 146.945
71.139 146.967
71.354 146.581
71.370 146.603
71.386 146.625
71.402 146.647
71.418 146.668
71.435 146.690
71.451 146.712
71.467 146.734
71.483 146.756
71.500 146.778
71.516 146.800
71.532 146.822
71.548 146.844
71.564 146.865
71.581 146.887
71.597 146.909
71.613 146.931
71.629 146.953
71.646 146.975
71.662 146.996
71.876 146.612
71.893 146.634
71.909 146.656
71.925 146.678
71.941 146.699
71.957 146.721
71.974 146.743
71.990 146.765
72.006 146.786
72.022 146.808
72.039 146.830
72.055 146.851
72.071 146.873
72.087 146.895
72.103 146.917
72.120 146.938
72.136 146.960
72.152 146.982
72.168 147.003
72.185 147.025
72.399 146.644
72.415 146.665
72.432 146.687
72.448 146.708
72.464 146.730
72.480 146.752
72.496 146.773
72.513 146.795
72.529 146.816
72.545 146.838
72.561 146.859
72.578 146.881
72.594 146.902
72.610 146.924
72.626 146.946
72.642 146.967
72.659 146.988
72.675 147.010
72.691 147.031
72.707 147.053
72.922 146.674
72.938 146.696
72.954 146.717
72.971 146.739
72.987 146.760
73.003 146.782
73.019 146.803
73.036 146.824
73.052 146.846
73.068 146.867
73.084 146.889
73.100 146.910
73.117 146.931
73.133 146.953
73.149 146.974
73.165 146.995
73.182 147.017
73.198 147.038
73.214 147.059
73.230 147.081
73.445 146.705
73.461 146.726
73.477 146.747
73.493 146.768
73.510 146.790
73.526 146.811
73.542 146.832
73.558 146.854
73.575 146.875
73.591 146.896
73.607 146.917
73.623 146.939
73.639 146.960
73.656 146.981
73.672 147.002
73.688 147.023
73.704 147.044
73.721 147.066
73.737 147.087
73.753 147.108
73.968 146.734
73.984 146.756
74.000 146.777
74.016 146.798
74.032 146.819
74.049 146.840
74.065 146.861
74.081 146.882
74.097 146.903
74.114 146.924
74.130 146.946
74.146 146.967
74.162 146.988
74.178 147.009
74.195 147.030
74.211 147.051
74.227 147.072
74.243 147.093
74.260 147.114
74.276 147.135
74.490 146.764
74.507 146.785
74.523 146.806
74.539 146.827
74.555 146.848
74.572 146.869
74.588 146.890
74.604 146.911
74.620 146.932
74.636 146.953
74.653 146.973
74.669 146.994
74.685 147.015
74.701 147.036
74.718 147.057
74.734 147.078
74.750 147.099
74.766 147.120
74.782 147.140
74.799 147.161
75.013 146.793
75.029 146.814
75.046 146.835
75.062 146.856
75.078 146.876
75.094 146.897
75.111 146.918
75.127 146.939
75.143 146.959
75.159 146.980
75.175 147.001
75.192 147.022
75.208 147.042
75.224 147.063
75.240 147.084
75.257 147.105
75.273 147.125
75.289 147.146
75.305 147.167
75.321 147.187
75.536 146.822
75.552 146.842
75.568 146.863
75.585 146.884
75.601 146.904
75.617 146.925
75.633 146.946
75.650 146.966
75.666 146.987
75.682 147.007
75.698 147.028
75.714 147.049
75.731 147.069
75.747 147.090
75.763 147.110
75.779 147.131
75.796 147.152
75.812 147.172
75.828 147.193
75.844 147.213
76.059 146.850
76.075 146.870
76.091 146.891
76.107 146.912
76.124 146.932
76.140 146.952
76.156 146.973
76.172 146.994
76.189 147.014
76.205 147.034
76.221 147.055
76.237 147.075
76.253 147.096
76.270 147.116
76.286 147.137
76.302 147.157
76.318 147.178
76.335 147.198
76.351 147.218
76.367 147.239
76.582 146.878
76.598 146.898
76.614 146.919
76.630 146.939
76.646 146.959
76.663 146.980
76.679 147.000
76.695 147.020
76.711 147.041
76.728 147.061
76.744 147.081
76.760 147.102
76.776 147.122
76.793 147.142
76.809 147.162
76.825 147.183
76.841 147.203
76.857 147.223
76.874 147.244
76.890 147.264
77.104 146.905
77.121 146.925
77.137 146.946
77.153 146.966
77.169 146.986
77.186 147.006
77.202 147.027
77.218 147.047
77.234 147.067
77.250 147.087
77.267 147.107
77.283 147.128
77.299 147.148
77.315 147.168
77.332 147.188
77.348 147.208
77.364 147.228
77.380 147.248
77.396 147.268
77.413 147.289
77.627 146.932
77.643 146.952
77.660 146.973
77.676 146.993
77.692 147.013
77.708 147.033
77.725 147.053
77.741 147.073
77.757 147.093
77.773 147.113
77.789 147.133
77.806 147.153
77.822 147.173
77.838 147.193
77.854 147.213
77.871 147.233
77.887 147.253
77.903 147.273
77.919 147.293
77.935 147.313
78.150 146.959
78.166 146.979
78.182 146.999
78.199 147.019
78.215 147.039
78.231 147.059
78.247 147.079
78.263 147.099
78.280 147.119
78.296 147.138
78.312 147.158
78.328 147.178
78.345 147.198
78.361 147.218
78.377 147.238
78.393 147.258
78.409 147.278
78.426 147.298
78.442 147.317
78.458 147.337
78.673 146.986
78.689 147.005
78.705 147.025
78.721 147.045
78.738 147.065
78.754 147.084
78.770 147.104
78.786 147.124
78.802 147.144
78.819 147.164
78.835 147.183
78.851 147.203
78.867 147.223
78.884 147.243
78.900 147.262
78.916 147.282
78.932 147.302
78.948 147.322
78.965 147.341
78.981 147.361
79.195 147.012
79.212 147.031
79.228 147.051
79.244 147.071
79.260 147.090
79.277 147.110
79.293 147.130
79.309 147.149
79.325 147.169
79.341 147.189
79.358 147.208
79.374 147.228
79.390 147.247
79.406 147.267
79.423 147.286
79.439 147.306
79.455 147.326
79.471 147.345
79.488 147.365
79.504 147.384
79.718 147.037
79.734 147.057
79.751 147.076
79.767 147.096
79.783 147.115
79.799 147.135
79.816 147.154
79.832 147.174
79.848 147.194
79.864 147.213
79.881 147.232
79.897 147.252
79.913 147.271
79.929 147.291
79.945 147.310
79.962 147.330
79.978 147.349
79.994 147.369
80.010 147.388
80.027 147.408
80.241 147.063
80.257 147.082
80.274 147.101
80.290 147.121
80.306 147.140
80.322 147.160
80.338 147.179
80.355 147.198
80.371 147.218
80.387 147.237
80.403 147.256
80.420 147.276
80.436 147.295
80.452 147.315
80.468 147.334
80.484 147.353
80.501 147.373
80.517 147.392
80.533 147.411
80.549 147.430
80.764 147.088
80.780 147.107
80.796 147.126
80.813 147.146
80.829 147.165
80.845 147.184
80.861 147.203
80.877 147.223
80.894 147.242
80.910 147.261
80.926 147.280
80.942 147.299
80.959 147.319
80.975 147.338
80.991 147.357
81.007 147.376
81.023 147.396
81.040 147.415
81.056 147.434
81.072 147.453
81.287 147.112
81.303 147.132
81.319 147.151
81.335 147.170
81.352 147.189
81.368 147.208
81.384 147.227
81.400 147.246
81.416 147.266
81.433 147.285
81.449 147.304
81.465 147.323
81.481 147.342
81.498 147.361
81.514 147.380
81.530 147.399
81.546 147.418
81.562 147.437
81.579 147.456
81.595 147.475
81.809 147.137
81.826 147.156
81.842 147.175
81.858 147.194
81.874 147.213
81.891 147.232
81.907 147.251
81.923 147.270
81.939 147.289
81.956 147.308
81.972 147.327
81.988 147.346
82.004 147.365
82.020 147.384
82.037 147.403
82.053 147.422
82.069 147.441
82.085 147.460
82.102 147.478
82.118 147.497
82.332 147.161
82.349 147.180
82.365 147.199
82.381 147.218
82.397 147.236
82.413 147.255
82.430 147.274
82.446 147.293
82.462 147.312
82.478 147.331
82.495 147.350
82.511 147.368
82.527 147.387
82.543 147.406
82.559 147.425
82.576 147.444
82.592 147.463
82.608 147.481
82.624 147.500
82.641 147.519
82.855 147.185
82.871 147.203
82.888 147.222
82.904 147.241
82.920 147.260
82.936 147.279
82.952 147.297
82.969 147.316
82.985 147.335
83.001 147.354
83.017 147.372
83.034 147.391
83.050 147.410
83.066 147.428
83.082 147.447
83.099 147.466
83.115 147.484
83.131 147.503
83.147 147.522
83.163 147.540
83.378 147.208
83.394 147.227
83.410 147.246
83.427 147.264
83.443 147.283
83.459 147.301
83.475 147.320
83.492 147.339
83.508 147.357
83.524 147.376
83.540 147.395
83.556 147.413
83.573 147.432
83.589 147.450
83.605 147.469
83.621 147.487
83.638 147.506
83.654 147.525
83.670 147.543
83.686 147.562
83.901 147.231
83.917 147.250
83.933 147.269
83.949 147.287
83.966 147.305
83.982 147.324
83.998 147.343
84.014 147.361
84.031 147.380
84.047 147.398
84.063 147.417
84.079 147.435
84.095 147.453
84.112 147.472
84.128 147.490
84.144 147.509
84.160 147.527
84.177 147.546
84.193 147.564
84.209 147.583
84.424 147.254
84.440 147.273
84.456 147.291
84.472 147.309
84.488 147.328
84.505 147.346
84.521 147.365
84.537 147.383
84.553 147.401
84.570 147.420
84.586 147.438
84.602 147.457
84.618 147.475
84.634 147.493
84.651 147.512
84.667 147.530
84.683 147.548
84.699 147.567
84.716 147.585
84.732 147.603
84.946 147.277
84.963 147.295
84.979 147.314
84.995 147.332
85.011 147.350
85.027 147.368
85.044 147.387
85.060 147.405
85.076 147.423
85.092 147.441
85.109 147.460
85.125 147.478
85.141 147.496
85.157 147.514
85.173 147.533
85.190 147.551
85.206 147.569
85.222 147.587
85.238 147.605
85.254 147.624
85.469 147.299
85.485 147.317
85.501 147.336
85.518 147.354
85.534 147.372
85.550 147.390
85.566 147.408
85.583 147.427
85.599 147.445
85.615 147.463
85.631 147.481
85.647 147.499
85.664 147.517
85.680 147.535
85.696 147.553
85.712 147.572
85.729 147.590
85.745 147.608
85.761 147.626
85.777 147.644
85.992 147.321
86.008 147.339
86.024 147.358
86.040 147.376
86.057 147.394
86.073 147.412
86.089 147.430
86.105 147.448
86.122 147.466
86.138 147.484
86.154 147.502
86.170 147.520
86.187 147.538
86.203 147.556
86.219 147.574
86.235 147.592
86.251 147.610
86.268 147.628
86.284 147.646
86.300 147.664
86.515 147.343
86.531 147.361
86.547 147.379
86.563 147.397
86.580 147.415
86.596 147.433
86.612 147.451
86.628 147.469
86.644 147.487
86.661 147.505
86.677 147.523
86.693 147.540
86.709 147.558
86.726 147.576
86.742 147.594
86.758 147.612
86.774 147.630
86.790 147.648
86.807 147.666
86.823 147.683
87.037 147.365
87.054 147.383
87.070 147.400
87.086 147.418
87.102 147.436
87.119 147.454
87.135 147.472
87.151 147.490
87.167 147.507
87.183 147.525
87.200 147.543
87.216 147.561
87.232 147.578
87.248 147.596
87.265 147.614
87.281 147.632
87.297 147.650
87.313 147.667
87.329 147.685
87.346 147.703
87.560 147.386
87.576 147.404
87.593 147.421
87.609 147.439
87.625 147.457
87.641 147.475
87.658 147.492
87.674 147.510
87.690 147.528
87.706 147.545
87.722 147.563
87.739 147.581
87.755 147.599
87.771 147.616
87.787 147.634
87.804 147.652
87.820 147.669
87.836 147.687
87.852 147.704
87.868 147.722
88.083 147.407
88.099 147.425
88.115 147.442
88.132 147.460
88.148 147.477
88.164 147.495
88.180 147.513
88.197 147.530
88.213 147.548
88.229 147.565
88.245 147.583
88.261 147.601
88.278 147.618
88.294 147.636
88.310 147.653
88.326 147.671
88.343 147.689
88.359 147.706
88.375 147.723
88.391 147.741
88.606 147.428
88.622 147.445
88.638 147.463
88.654 147.480
88.671 147.498
88.687 147.515
88.703 147.533
88.719 147.550
88.736 147.568
88.752 147.585
88.768 147.603
88.784 147.620
88.800 147.638
88.817 147.655
88.833 147.673
88.849 147.690
88.865 147.708
88.882 147.725
88.898 147.742
88.914 147.760
89.129 147.448
89.145 147.466
89.161 147.483
89.177 147.501
89.194 147.518
89.210 147.535
89.226 147.553
89.242 147.570
89.258 147.588
89.275 147.605
89.291 147.622
89.307 147.640
89.323 147.657
89.340 147.674
89.356 147.692
89.372 147.709
89.388 147.726
89.404 147.744
89.421 147.761
89.437 147.778
89.651 147.469
89.668 147.486
89.684 147.503
89.700 147.521
89.716 147.538
89.733 147.555
89.749 147.572
89.765 147.590
89.781 147.607
89.797 147.624
89.814 147.642
89.830 147.659
89.846 147.676
89.862 147.693
89.879 147.711
89.895 147.728
89.911 147.745
89.927 147.762
89.944 147.779
89.960 147.797
90.174 147.489
90.191 147.506
90.207 147.523
90.223 147.540
90.239 147.558
90.255 147.575
90.272 147.592
90.288 147.609
90.304 147.626
90.320 147.643
90.337 147.661
90.353 147.678
90.369 147.695
90.385 147.712
90.401 147.729
90.418 147.746
90.434 147.763
90.450 147.781
90.466 147.798
90.483 147.815
90.697 147.509
90.713 147.526
90.730 147.543
90.746 147.560
90.762 147.577
90.778 147.594
90.794 147.611
90.811 147.628
90.827 147.645
90.843 147.662
90.859 147.679
90.876 147.696
90.892 147.714
90.908 147.731
90.924 147.748
90.940 147.765
90.957 147.782
90.973 147.799
90.989 147.816
91.005 147.833
91.220 147.528
91.236 147.545
91.252 147.562
91.269 147.579
91.285 147.596
91.301 147.613
91.317 147.630
91.333 147.647
91.350 147.664
91.366 147.681
91.382 147.698
91.398 147.715
91.415 147.732
91.431 147.749
91.447 147.766
91.463 147.783
91.479 147.800
91.496 147.817
91.512 147.833
91.528 147.850
91.743 147.548
91.759 147.565
91.775 147.581
91.791 147.598
91.808 147.615
91.824 147.632
91.840 147.649
91.856 147.666
91.872 147.683
91.889 147.700
91.905 147.716
91.921 147.733
91.937 147.750
91.954 147.767
91.970 147.784
91.986 147.801
92.002 147.817
92.018 147.834
92.035 147.851
92.051 147.868
92.265 147.567
92.282 147.584
92.298 147.600
92.314 147.617
92.330 147.634
92.347 147.651
92.363 147.668
92.379 147.684
92.395 147.701
92.411 147.718
92.428 147.735
92.444 147.751
92.460 147.768
92.476 147.785
92.493 147.802
92.509 147.818
92.525 147.835
92.541 147.852
92.558 147.868
92.574 147.885
92.788 147.586
92.804 147.603
92.821 147.619
92.837 147.636
92.853 147.653
92.869 147.669
92.886 147.686
92.902 147.703
92.918 147.719
92.934 147.736
92.951 147.753
92.967 147.769
92.983 147.786
92.999 147.803
93.015 147.819
93.032 147.836
93.048 147.852
93.064 147.869
93.080 147.886
93.097 147.902
93.311 147.605
93.327 147.621
93.344 147.638
93.360 147.654
93.376 147.671
93.392 147.688
93.408 147.704
93.425 147.721
93.441 147.737
93.457 147.754
93.473 147.770
93.490 147.787
93.506 147.803
93.522 147.820
93.538 147.837
93.554 147.853
93.571 147.870
93.587 147.886
93.603 147.903
93.619 147.919
93.834 147.623
93.850 147.640
93.866 147.656
93.882 147.673
93.899 147.689
93.915 147.706
93.931 147.722
93.947 147.739
93.964 147.755
93.980 147.772
93.996 147.788
94.012 147.804
94.028 147.821
94.045 147.837
94.061 147.854
94.077 147.870
94.093 147.887
94.110 147.903
94.126 147.920
94.142 147.936
94.357 147.641
94.373 147.658
94.389 147.674
94.405 147.691
94.421 147.707
94.438 147.723
94.454 147.740
94.470 147.756
94.486 147.773
94.503 147.789
94.519 147.805
94.535 147.822
94.551 147.838
94.567 147.854
94.584 147.871
94.600 147.887
94.616 147.903
94.632 147.920
94.649 147.936
94.665 147.952
94.879 147.659
94.896 147.676
94.912 147.692
94.928 147.708
94.944 147.725
94.960 147.741
94.977 147.757
94.993 147.774
95.009 147.790
95.025 147.806
95.042 147.823
95.058 147.839
95.074 147.855
95.090 147.871
95.106 147.888
95.123 147.904
95.139 147.920
95.155 147.936
95.171 147.953
95.188 147.969
95.402 147.677
95.418 147.694
95.435 147.710
95.451 147.726
95.467 147.742
95.483 147.759
95.499 147.775
95.516 147.791
95.532 147.807
95.548 147.823
95.564 147.840
95.581 147.856
95.597 147.872
95.613 147.888
95.629 147.904
95.646 147.920
95.662 147.937
95.678 147.953
95.694 147.969
95.710 147.985
95.925 147.695
95.941 147.711
95.957 147.728
95.974 147.744
95.990 147.760
96.006 147.776
96.022 147.792
96.039 147.808
96.055 147.824
96.071 147.840
96.087 147.856
96.103 147.872
96.120 147.889
96.136 147.905
96.152 147.921
96.168 147.937
96.185 147.953
96.201 147.969
96.217 147.985
96.233 148.001
96.448 147.713
96.464 147.729
96.480 147.745
96.496 147.761
96.513 147.777
96.529 147.793
96.545 147.809
96.561 147.825
96.578 147.841
96.594 147.857
96.610 147.873
96.626 147.889
96.642 147.905
96.659 147.921
96.675 147.937
96.691 147.953
96.707 147.969
96.724 147.985
96.740 148.001
96.756 148.017
96.971 147.730
96.987 147.746
97.003 147.762
97.019 147.778
97.035 147.794
97.052 147.810
97.068 147.826
97.084 147.842
97.100 147.858
97.117 147.874
97.133 147.890
97.149 147.905
97.165 147.921
97.181 147.937
97.198 147.953
97.214 147.969
97.230 147.985
97.246 148.001
97.263 148.017
97.279 148.033
97.493 147.747
97.510 147.763
97.526 147.779
97.542 147.795
97.558 147.811
97.575 147.827
97.591 147.842
97.607 147.858
97.623 147.874
97.639 147.890
97.656 147.906
97.672 147.922
97.688 147.937
97.704 147.953
97.721 147.969
97.737 147.985
97.753 148.001
97.769 148.016
97.785 148.032
97.802 148.048
98.016 147.764
98.032 147.780
98.049 147.796
98.065 147.812
98.081 147.827
98.097 147.843
98.114 147.859
98.130 147.875
98.146 147.890
98.162 147.906
98.178 147.922
98.195 147.938
98.211 147.953
98.227 147.969
98.243 147.985
98.260 148.001
98.276 148.016
98.292 148.032
98.308 148.048
98.324 148.063
98.539 147.781
98.555 147.797
98.571 147.812
98.588 147.828
98.604 147.844
98.620 147.859
98.636 147.875
98.653 147.891
98.669 147.906
98.685 147.922
98.701 147.938
98.717 147.954
98.734 147.969
98.750 147.985
98.766 148.000
98.782 148.016
98.799 148.032
98.815 148.047
98.831 148.063
98.847 148.079
99.062 147.798
99.078 147.813
99.094 147.829
99.110 147.845
99.127 147.860
99.143 147.876
99.159 147.891
99.175 147.907
99.192 147.922
99.208 147.938
99.224 147.954
99.240 147.969
99.257 147.985
99.273 148.000
99.289 148.016
99.305 148.031
99.321 148.047
99.338 148.062
99.354 148.078
99.370 148.094
99.585 147.814
99.601 147.830
99.617 147.845
99.633 147.861
99.650 147.876
99.666 147.892
99.682 147.907
99.698 147.923
99.714 147.938
99.731 147.954
99.747 147.969
99.763 147.985
99.779 148.000
99.796 148.016
99.812 148.031
99.828 148.047
99.844 148.062
99.860 148.077
99.877 148.093
99.893 148.108
