0.253 0.154
0.780 6.359
0.800 12.347
1.307 11.327
1.327 14.863
1.347 18.293
1.368 21.620
1.834 18.809
1.854 21.259
1.874 23.656
1.895 26.000
1.915 28.297
1.935 30.545
1.955 32.747
1.975 34.902
2.361 31.292
2.381 33.094
2.401 34.865
2.421 36.605
2.442 38.319
2.462 40.003
2.482 41.661
2.502 43.292
2.522 44.895
2.543 46.474
2.563 48.028
2.583 49.558
2.603 51.062
2.623 52.545
2.644 54.005
2.664 55.443
2.887 52.856
2.908 54.182
2.928 55.489
2.948 56.778
2.968 58.048
2.989 59.303
3.009 60.541
3.029 61.762
3.049 62.965
3.069 64.154
3.090 65.328
3.110 66.486
3.130 67.627
3.150 68.756
3.171 69.870
3.191 70.970
3.211 72.055
3.231 73.127
3.251 74.187
3.272 75.233
3.414 73.533
3.434 74.533
3.455 75.522
3.475 76.499
3.495 77.463
3.515 78.418
3.535 79.362
3.556 80.296
3.576 81.216
3.596 82.129
3.616 83.031
3.637 83.923
3.657 84.803
3.677 85.676
3.697 86.539
3.717 87.393
3.738 88.235
3.758 89.070
3.778 89.897
3.798 90.715
3.941 88.681
3.961 89.471
3.981 90.254
4.002 91.028
4.022 91.792
4.042 92.551
4.062 93.303
4.082 94.047
4.103 94.781
4.123 95.510
4.143 96.233
4.163 96.948
4.184 97.654
4.204 98.355
4.224 99.050
4.244 99.739
4.265 100.418
4.285 101.093
4.305 101.762
4.325 102.425
4.468 100.257
4.488 100.903
4.508 101.542
4.528 102.176
4.549 102.802
4.569 103.425
4.589 104.042
4.609 104.654
4.630 105.258
4.650 105.860
4.670 106.456
4.690 107.047
4.710 107.633
4.731 108.211
4.751 108.787
4.771 109.358
4.791 109.924
4.812 110.483
4.832 111.040
4.852 111.592
4.995 109.392
5.015 109.932
5.035 110.469
5.055 111.001
5.075 111.527
5.096 112.051
5.116 112.570
5.136 113.086
5.156 113.597
5.177 114.103
5.197 114.606
5.217 115.106
5.237 115.602
5.258 116.092
5.278 116.580
5.298 117.064
5.318 117.545
5.338 118.020
5.359 118.494
5.379 118.964
5.521 116.783
5.542 117.245
5.562 117.704
5.582 118.160
5.602 118.613
5.622 119.060
5.643 119.506
5.663 119.949
5.683 120.388
5.703 120.823
5.724 121.256
5.744 121.687
5.764 122.114
5.784 122.537
5.804 122.958
5.825 123.377
5.845 123.792
5.865 124.203
5.885 124.613
5.906 125.020
6.048 122.889
6.068 123.289
6.089 123.688
6.109 124.085
6.129 124.479
6.149 124.868
6.170 125.257
6.190 125.643
6.210 126.027
6.230 126.407
6.250 126.786
6.271 127.162
6.291 127.536
6.311 127.906
6.331 128.275
6.351 128.642
6.372 129.007
6.392 129.367
6.412 129.727
6.432 130.085
6.575 128.014
6.595 128.366
6.615 128.718
6.636 129.068
6.656 129.416
6.676 129.760
6.696 130.103
6.716 130.445
6.737 130.784
6.757 131.120
6.777 131.455
6.797 131.789
6.818 132.120
6.838 132.448
6.858 132.775
6.878 133.101
6.899 133.425
6.919 133.745
6.939 134.064
6.959 134.383
7.102 132.379
7.122 132.693
7.142 133.007
7.162 133.319
7.183 133.629
7.203 133.936
7.223 134.243
7.243 134.548
7.263 134.851
7.284 135.151
7.304 135.451
7.324 135.750
7.344 136.046
7.365 136.340
7.385 136.633
7.405 136.925
7.425 137.216
7.446 137.504
7.466 137.790
7.486 138.075
7.628 136.141
7.649 136.424
7.669 136.706
7.689 136.987
7.709 137.266
7.730 137.543
7.750 137.819
7.770 138.094
7.790 138.368
7.811 138.639
7.831 138.910
7.851 139.179
7.871 139.447
7.891 139.714
7.912 139.978
7.932 140.242
7.952 140.504
7.972 140.766
7.993 141.024
8.013 141.283
8.155 139.418
8.176 139.673
8.196 139.930
8.216 140.185
8.236 140.439
8.257 140.689
8.277 140.941
8.297 141.191
8.317 141.440
8.337 141.687
8.358 141.932
8.378 142.177
8.398 142.421
8.418 142.664
8.438 142.904
8.459 143.145
8.479 143.384
8.499 143.623
8.519 143.858
8.540 144.094
8.682 142.296
8.702 142.530
8.723 142.764
8.743 142.997
8.763 143.229
8.783 143.460
8.803 143.688
8.824 143.917
8.844 144.145
8.864 144.372
8.884 144.596
8.905 144.821
8.925 145.044
8.945 145.267
8.965 145.487
8.986 145.708
9.006 145.928
9.026 146.146
9.046 146.362
9.066 146.579
9.209 144.845
9.229 145.062
9.249 145.275
9.270 145.490
9.290 145.703
9.310 145.916
9.330 146.126
9.351 146.337
9.371 146.546
9.391 146.755
9.411 146.962
9.431 147.169
9.452 147.375
9.472 147.580
9.492 147.783
9.512 147.987
9.533 148.190
9.553 148.391
9.573 148.591
9.593 148.791
9.736 147.119
9.756 147.319
9.776 147.516
9.796 147.714
9.817 147.912
9.837 148.109
9.857 148.303
9.877 148.498
9.898 148.692
9.918 148.885
9.938 149.077
9.958 149.268
9.978 149.460
9.999 149.650
10.019 149.838
10.039 150.027
10.059 150.215
10.079 150.402
10.100 150.587
10.120 150.773
10.262 149.159
10.283 149.344
10.303 149.528
10.323 149.712
10.343 149.896
10.364 150.078
10.384 150.259
10.404 150.440
10.424 150.621
10.444 150.801
10.465 150.979
10.485 151.157
10.505 151.335
10.525 151.512
10.546 151.687
10.566 151.863
10.586 152.038
10.606 152.213
10.627 152.387
10.647 152.558
10.789 151.000
10.809 151.173
10.830 151.344
10.850 151.516
10.870 151.687
10.890 151.858
10.911 152.026
10.931 152.195
10.951 152.364
10.971 152.532
10.992 152.700
11.012 152.865
11.032 153.031
11.052 153.197
11.072 153.362
11.093 153.525
11.113 153.689
11.133 153.852
11.153 154.015
11.174 154.175
11.316 152.669
11.336 152.831
11.357 152.991
11.377 153.152
11.397 153.313
11.417 153.473
11.437 153.632
11.458 153.789
11.478 153.947
11.498 154.105
11.518 154.262
11.539 154.417
11.559 154.573
11.579 154.729
11.599 154.883
11.620 155.036
11.640 155.190
11.660 155.343
11.680 155.496
11.700 155.647
11.843 154.190
11.863 154.342
11.883 154.494
11.904 154.644
11.924 154.795
11.944 154.945
11.964 155.095
11.985 155.243
12.005 155.392
12.025 155.540
12.045 155.688
12.065 155.834
12.086 155.980
12.106 156.127
12.126 156.273
12.146 156.417
12.166 156.561
12.187 156.706
12.207 156.850
12.227 156.992
12.370 155.581
12.390 155.725
12.410 155.868
12.430 156.009
12.451 156.151
12.471 156.293
12.491 156.435
12.511 156.574
12.531 156.714
12.552 156.854
12.572 156.994
12.592 157.132
12.612 157.270
12.633 157.408
12.653 157.546
12.673 157.682
12.693 157.819
12.713 157.955
12.734 158.091
12.754 158.225
12.896 156.859
12.917 156.995
12.937 157.130
12.957 157.264
12.977 157.398
12.998 157.532
13.018 157.666
13.038 157.798
13.058 157.931
13.079 158.063
13.099 158.195
13.119 158.325
13.139 158.457
13.159 158.587
13.180 158.718
13.200 158.846
13.220 158.976
13.240 159.105
13.261 159.234
13.281 159.362
13.423 158.036
13.444 158.165
13.464 158.293
13.484 158.420
13.504 158.547
13.524 158.674
13.545 158.801
13.565 158.926
13.585 159.052
13.605 159.178
13.626 159.303
13.646 159.427
13.666 159.551
13.686 159.676
13.706 159.799
13.727 159.923
13.747 160.045
13.767 160.167
13.787 160.290
13.807 160.412
13.950 159.125
13.970 159.247
13.991 159.369
14.011 159.489
14.031 159.610
14.051 159.731
14.071 159.852
14.092 159.971
14.112 160.090
14.132 160.210
14.152 160.329
14.172 160.448
14.193 160.565
14.213 160.683
14.233 160.801
14.253 160.918
14.274 161.034
14.294 161.151
14.314 161.267
14.334 161.384
14.477 160.134
14.497 160.250
14.517 160.366
14.537 160.482
14.558 160.596
14.578 160.711
14.598 160.826
14.618 160.941
14.639 161.054
14.659 161.168
14.679 161.281
14.699 161.394
14.720 161.506
14.740 161.619
14.760 161.731
14.780 161.843
14.800 161.953
14.821 162.065
14.841 162.176
14.861 162.287
15.004 161.072
15.024 161.183
15.044 161.294
15.064 161.404
15.085 161.514
15.105 161.623
15.125 161.733
15.145 161.842
15.165 161.950
15.186 162.059
15.206 162.167
15.226 162.275
15.246 162.382
15.267 162.490
15.287 162.597
15.307 162.704
15.327 162.809
15.348 162.916
15.368 163.022
15.388 163.128
15.530 161.947
15.551 162.053
15.571 162.159
15.591 162.265
15.611 162.369
15.632 162.474
15.652 162.579
15.672 162.683
15.692 162.786
15.713 162.890
15.733 162.994
15.753 163.097
15.773 163.200
15.793 163.302
15.814 163.405
15.834 163.508
15.854 163.609
15.874 163.710
15.895 163.812
15.915 163.913
16.057 162.764
16.078 162.866
16.098 162.967
16.118 163.068
16.138 163.168
16.158 163.269
16.179 163.369
16.199 163.469
16.219 163.568
16.239 163.668
16.259 163.767
16.280 163.866
16.300 163.964
16.320 164.063
16.340 164.161
16.361 164.259
16.381 164.357
16.401 164.454
16.421 164.551
16.442 164.649
16.584 163.530
16.604 163.627
16.625 163.724
16.645 163.821
16.665 163.917
16.685 164.014
16.705 164.110
16.726 164.206
16.746 164.301
16.766 164.397
16.786 164.492
16.806 164.587
16.827 164.682
16.847 164.776
16.867 164.870
16.887 164.964
16.908 165.058
16.928 165.151
16.948 165.245
16.968 165.338
17.111 164.248
17.131 164.342
17.151 164.435
17.172 164.528
17.192 164.620
17.212 164.713
17.232 164.805
17.252 164.898
17.273 164.990
17.293 165.081
17.313 165.173
17.333 165.264
17.354 165.355
17.374 165.445
17.394 165.536
17.414 165.627
17.434 165.717
17.455 165.806
17.475 165.896
17.495 165.986
17.638 164.923
17.658 165.013
17.678 165.103
17.698 165.193
17.718 165.282
17.739 165.371
17.759 165.460
17.779 165.549
17.799 165.637
17.820 165.725
17.840 165.813
17.860 165.901
17.880 165.989
17.901 166.076
17.921 166.163
17.941 166.250
17.961 166.337
17.982 166.423
18.002 166.510
18.022 166.596
18.164 165.560
18.185 165.646
18.205 165.733
18.225 165.819
18.245 165.905
18.266 165.990
18.286 166.076
18.306 166.162
18.326 166.247
18.346 166.332
18.367 166.417
18.387 166.501
18.407 166.586
18.427 166.670
18.448 166.754
18.468 166.838
18.488 166.922
18.508 167.005
18.529 167.088
18.549 167.172
18.691 166.161
18.712 166.243
18.732 166.327
18.752 166.410
18.772 166.493
18.792 166.575
18.813 166.658
18.833 166.741
18.853 166.823
18.873 166.905
18.893 166.987
18.914 167.068
18.934 167.150
18.954 167.231
18.974 167.312
18.995 167.393
19.015 167.474
19.035 167.554
19.055 167.635
19.076 167.716
19.218 166.728
19.238 166.808
19.259 166.889
19.279 166.969
19.299 167.049
19.319 167.129
19.339 167.208
19.360 167.288
19.380 167.368
19.400 167.446
19.420 167.526
19.441 167.605
19.461 167.684
19.481 167.762
19.501 167.840
19.521 167.919
19.542 167.997
19.562 168.075
19.582 168.152
19.602 168.230
19.745 167.265
19.765 167.342
19.785 167.420
19.805 167.498
19.826 167.576
19.846 167.652
19.866 167.730
19.886 167.807
19.907 167.884
19.927 167.960
19.947 168.036
19.967 168.113
19.988 168.189
20.008 168.265
20.028 168.340
20.048 168.416
20.068 168.492
20.089 168.568
20.109 168.642
20.129 168.718
20.272 167.774
20.292 167.849
20.312 167.924
20.332 168.000
20.352 168.075
20.373 168.150
20.393 168.224
20.413 168.298
20.433 168.373
20.454 168.447
20.474 168.521
20.494 168.595
20.514 168.669
20.535 168.742
20.555 168.815
20.575 168.889
20.595 168.962
20.615 169.035
20.636 169.107
20.656 169.180
20.798 168.258
20.819 168.331
20.839 168.403
20.859 168.476
20.879 168.549
20.899 168.621
20.920 168.693
20.940 168.765
20.960 168.837
20.980 168.910
21.001 168.981
21.021 169.052
21.041 169.124
21.061 169.195
21.082 169.266
21.102 169.337
21.122 169.408
21.142 169.479
21.163 169.549
21.183 169.620
21.325 168.717
21.345 168.788
21.366 168.858
21.386 168.929
21.406 168.999
21.426 169.070
21.447 169.139
21.467 169.209
21.487 169.279
21.507 169.349
21.527 169.418
21.548 169.488
21.568 169.557
21.588 169.627
21.608 169.695
21.629 169.764
21.649 169.833
21.669 169.902
21.689 169.970
21.709 170.038
21.852 169.155
21.872 169.223
21.892 169.291
21.913 169.360
21.933 169.428
21.953 169.497
21.973 169.564
21.994 169.632
22.014 169.700
22.034 169.768
22.054 169.835
22.075 169.902
22.095 169.970
22.115 170.037
22.135 170.103
22.155 170.170
22.176 170.237
22.196 170.304
22.216 170.371
22.236 170.437
22.379 169.571
22.399 169.638
22.419 169.704
22.439 169.771
22.460 169.837
22.480 169.904
22.500 169.969
22.520 170.035
22.541 170.101
22.561 170.167
22.581 170.232
22.601 170.298
22.622 170.363
22.642 170.428
22.662 170.494
22.682 170.558
22.702 170.623
22.723 170.688
22.743 170.753
22.763 170.817
22.906 169.969
22.926 170.034
22.946 170.098
22.966 170.163
22.986 170.227
23.007 170.292
23.027 170.355
23.047 170.420
23.067 170.484
23.088 170.548
23.108 170.612
23.128 170.675
23.148 170.738
23.169 170.802
23.189 170.865
23.209 170.928
23.229 170.991
23.249 171.054
23.270 171.118
23.290 171.180
23.432 170.349
23.453 170.412
23.473 170.474
23.493 170.537
23.513 170.600
23.534 170.663
23.554 170.725
23.574 170.787
23.594 170.849
23.614 170.912
23.635 170.974
23.655 171.035
23.675 171.097
23.695 171.159
23.715 171.221
23.736 171.282
23.756 171.343
23.776 171.405
23.796 171.466
23.817 171.527
23.959 170.712
23.979 170.773
24.000 170.835
24.020 170.895
24.040 170.956
24.060 171.017
24.081 171.078
24.101 171.138
24.121 171.199
24.141 171.260
24.161 171.320
24.182 171.380
24.202 171.440
24.222 171.500
24.242 171.561
24.263 171.620
24.283 171.680
24.303 171.740
24.323 171.799
24.343 171.858
24.486 171.059
24.506 171.119
24.526 171.179
24.547 171.238
24.567 171.297
24.587 171.357
24.607 171.416
24.628 171.475
24.648 171.534
24.668 171.593
24.688 171.652
24.709 171.710
24.729 171.769
24.749 171.827
24.769 171.886
24.789 171.944
24.810 172.002
24.830 172.060
24.850 172.119
24.870 172.177
25.013 171.392
25.033 171.450
25.053 171.508
25.073 171.566
25.094 171.624
25.114 171.682
25.134 171.740
25.154 171.797
25.175 171.854
25.195 171.912
25.215 171.969
25.235 172.026
25.256 172.083
25.276 172.141
25.296 172.198
25.316 172.254
25.336 172.311
25.357 172.368
25.377 172.425
25.397 172.481
25.540 171.711
25.560 171.768
25.580 171.825
25.600 171.881
25.620 171.937
25.641 171.994
25.661 172.050
25.681 172.106
25.701 172.162
25.722 172.218
25.742 172.274
25.762 172.330
25.782 172.385
25.802 172.441
25.823 172.497
25.843 172.553
25.863 172.607
25.883 172.663
25.904 172.718
25.924 172.773
26.066 172.017
26.087 172.073
26.107 172.128
26.127 172.183
26.147 172.238
26.168 172.293
26.188 172.348
26.208 172.403
26.228 172.457
26.248 172.512
26.269 172.567
26.289 172.621
26.309 172.675
26.329 172.730
26.349 172.784
26.370 172.838
26.390 172.892
26.410 172.946
26.430 173.000
26.451 173.054
26.593 172.311
26.613 172.365
26.634 172.419
26.654 172.473
26.674 172.527
26.694 172.580
26.715 172.634
26.735 172.688
26.755 172.741
26.775 172.794
26.795 172.848
26.816 172.901
26.836 172.954
26.856 173.007
26.876 173.060
26.896 173.113
26.917 173.165
26.937 173.218
26.957 173.271
26.977 173.324
27.120 172.594
27.140 172.647
27.160 172.699
27.181 172.752
27.201 172.804
27.221 172.857
27.241 172.909
27.262 172.962
27.282 173.013
27.302 173.066
27.322 173.118
27.342 173.170
27.363 173.221
27.383 173.273
27.403 173.325
27.423 173.377
27.444 173.428
27.464 173.480
27.484 173.531
27.504 173.583
27.647 172.866
27.667 172.917
27.687 172.969
27.707 173.020
27.728 173.071
27.748 173.123
27.768 173.174
27.788 173.225
27.809 173.276
27.829 173.327
27.849 173.378
27.869 173.429
27.890 173.479
27.910 173.530
27.930 173.580
27.950 173.631
27.970 173.681
27.991 173.732
28.011 173.782
28.031 173.832
28.174 173.127
28.194 173.178
28.214 173.228
28.234 173.279
28.255 173.328
28.275 173.379
28.295 173.429
28.315 173.479
28.335 173.528
28.356 173.578
28.376 173.628
28.396 173.678
28.416 173.727
28.436 173.777
28.457 173.826
28.477 173.876
28.497 173.925
28.517 173.974
28.538 174.023
28.558 174.073
28.700 173.379
28.721 173.429
28.741 173.478
28.761 173.527
28.781 173.576
28.802 173.625
28.822 173.674
28.842 173.723
28.862 173.772
28.882 173.820
28.903 173.869
28.923 173.918
28.943 173.967
28.963 174.015
28.983 174.063
29.004 174.112
29.024 174.160
29.044 174.208
29.064 174.256
29.085 174.304
29.227 173.622
29.247 173.671
29.268 173.719
29.288 173.767
29.308 173.815
29.328 173.863
29.349 173.911
29.369 173.959
29.389 174.007
29.409 174.054
29.429 174.102
29.450 174.149
29.470 174.197
29.490 174.244
29.510 174.292
29.530 174.339
29.551 174.386
29.571 174.433
29.591 174.480
29.611 174.528
29.754 173.857
29.774 173.904
29.794 173.951
29.815 173.998
29.835 174.046
29.855 174.092
29.875 174.139
29.895 174.186
29.916 174.233
29.936 174.279
29.956 174.326
29.976 174.373
29.997 174.420
30.017 174.466
30.037 174.512
30.057 174.559
30.078 174.605
30.098 174.651
30.118 174.697
30.138 174.743
30.281 174.083
30.301 174.129
30.321 174.176
30.341 174.222
30.362 174.268
30.382 174.314
30.402 174.360
30.422 174.406
30.442 174.452
30.463 174.497
30.483 174.543
30.503 174.588
30.523 174.634
30.544 174.679
30.564 174.725
30.584 174.770
30.604 174.816
30.625 174.861
30.645 174.906
30.665 174.951
30.808 174.302
30.828 174.347
30.848 174.392
30.868 174.437
30.888 174.483
30.909 174.527
30.929 174.573
30.949 174.618
30.969 174.663
30.990 174.707
31.010 174.752
31.030 174.797
31.050 174.842
31.070 174.886
31.091 174.930
31.111 174.975
31.131 175.020
31.151 175.064
31.172 175.108
31.192 175.152
31.334 174.513
31.355 174.557
31.375 174.601
31.395 174.646
31.415 174.690
31.436 174.734
31.456 174.778
31.476 174.822
31.496 174.867
31.516 174.910
31.537 174.954
31.557 174.998
31.577 175.042
31.597 175.086
31.617 175.129
31.638 175.173
31.658 175.217
31.678 175.260
31.698 175.303
31.719 175.347
31.861 174.717
31.881 174.760
31.902 174.804
31.922 174.847
31.942 174.891
31.962 174.934
31.983 174.977
32.003 175.021
32.023 175.064
32.043 175.107
32.063 175.150
32.084 175.193
32.104 175.236
32.124 175.279
32.144 175.321
32.164 175.364
32.185 175.407
32.205 175.450
32.225 175.492
32.245 175.535
32.388 174.915
32.408 174.957
32.428 175.000
32.449 175.042
32.469 175.085
32.489 175.128
32.509 175.170
32.529 175.212
32.550 175.255
32.570 175.297
32.590 175.339
32.610 175.381
32.631 175.424
32.651 175.466
32.671 175.508
32.691 175.550
32.712 175.592
32.732 175.634
32.752 175.675
32.772 175.717
32.915 175.106
32.935 175.148
32.955 175.189
32.975 175.231
32.996 175.273
33.016 175.315
33.036 175.356
33.056 175.398
33.077 175.440
33.097 175.481
33.117 175.522
33.137 175.564
33.157 175.605
33.178 175.647
33.198 175.688
33.218 175.729
33.238 175.770
33.258 175.811
33.279 175.852
33.299 175.893
33.441 175.291
33.462 175.332
33.482 175.373
33.502 175.414
33.522 175.455
33.543 175.496
33.563 175.537
33.583 175.578
33.603 175.619
33.623 175.660
33.644 175.700
33.664 175.741
33.684 175.781
33.704 175.822
33.725 175.862
33.745 175.903
33.765 175.943
33.785 175.984
33.806 176.024
33.826 176.064
33.968 175.470
33.989 175.511
34.009 175.551
34.029 175.591
34.049 175.632
34.069 175.672
34.090 175.712
34.110 175.752
34.130 175.792
34.150 175.832
34.171 175.872
34.191 175.912
34.211 175.952
34.231 175.992
34.252 176.031
34.272 176.071
34.292 176.111
34.312 176.151
34.332 176.190
34.353 176.230
34.495 175.644
34.515 175.684
34.536 175.723
34.556 175.763
34.576 175.803
34.596 175.842
34.617 175.881
34.637 175.921
34.657 175.960
34.677 176.000
34.697 176.039
34.718 176.078
34.738 176.117
34.758 176.157
34.778 176.196
34.798 176.234
34.819 176.274
34.839 176.313
34.859 176.352
34.879 176.390
35.022 175.813
35.042 175.852
35.062 175.891
35.083 175.930
35.103 175.969
35.123 176.008
35.143 176.046
35.163 176.085
35.184 176.124
35.204 176.162
35.224 176.201
35.244 176.239
35.265 176.278
35.285 176.316
35.305 176.355
35.325 176.393
35.346 176.431
35.366 176.470
35.386 176.508
35.406 176.546
35.549 175.977
35.569 176.015
35.589 176.054
35.609 176.091
35.630 176.130
35.650 176.168
35.670 176.206
35.690 176.244
35.711 176.282
35.731 176.320
35.751 176.358
35.771 176.396
35.791 176.434
35.812 176.471
35.832 176.509
35.852 176.547
35.872 176.585
35.892 176.622
35.913 176.660
35.933 176.697
36.075 176.136
36.096 176.173
36.116 176.211
36.136 176.248
36.156 176.286
36.177 176.324
36.197 176.361
36.217 176.398
36.237 176.436
36.258 176.473
36.278 176.511
36.298 176.547
36.318 176.585
36.338 176.622
36.359 176.659
36.379 176.696
36.399 176.733
36.419 176.770
36.440 176.807
36.460 176.844
36.602 176.290
36.623 176.327
36.643 176.364
36.663 176.401
36.683 176.438
36.703 176.475
36.724 176.512
36.744 176.548
36.764 176.585
36.784 176.622
36.804 176.659
36.825 176.695
36.845 176.732
36.865 176.768
36.885 176.805
36.906 176.841
36.926 176.878
36.946 176.914
36.966 176.951
36.986 176.987
37.129 176.440
37.149 176.476
37.169 176.513
37.190 176.549
37.210 176.585
37.230 176.622
37.250 176.658
37.271 176.694
37.291 176.730
37.311 176.766
37.331 176.803
37.352 176.838
37.372 176.874
37.392 176.911
37.412 176.947
37.432 176.983
37.453 177.018
37.473 177.054
37.493 177.090
37.513 177.126
37.656 176.586
37.676 176.622
37.696 176.658
37.717 176.693
37.737 176.729
37.757 176.765
37.777 176.800
37.797 176.836
37.818 176.871
37.838 176.907
37.858 176.943
37.878 176.978
37.899 177.013
37.919 177.049
37.939 177.084
37.959 177.120
37.980 177.155
38.000 177.190
38.020 177.225
38.040 177.261
38.183 176.727
38.203 176.763
38.223 176.798
38.243 176.833
38.264 176.868
38.284 176.904
38.304 176.939
38.324 176.974
38.344 177.009
38.365 177.044
38.385 177.079
38.405 177.114
38.425 177.148
38.446 177.183
38.466 177.218
38.486 177.253
38.506 177.287
38.526 177.322
38.547 177.357
38.567 177.392
38.709 176.865
38.730 176.900
38.750 176.935
38.770 176.970
38.790 177.004
38.811 177.039
38.831 177.073
38.851 177.108
38.871 177.142
38.892 177.177
38.912 177.211
38.932 177.246
38.952 177.280
38.972 177.314
38.993 177.348
39.013 177.383
39.033 177.417
39.053 177.451
39.074 177.485
39.094 177.519
39.236 176.999
39.257 177.034
39.277 177.068
39.297 177.102
39.317 177.136
39.337 177.170
39.358 177.204
39.378 177.238
39.398 177.272
39.418 177.306
39.438 177.340
39.459 177.374
39.479 177.407
39.499 177.441
39.519 177.475
39.540 177.509
39.560 177.542
39.580 177.576
39.600 177.610
39.620 177.643
39.763 177.130
39.783 177.164
39.803 177.198
39.824 177.231
39.844 177.265
39.864 177.298
39.884 177.332
39.905 177.365
39.925 177.398
39.945 177.432
39.965 177.465
39.986 177.499
40.006 177.532
40.026 177.565
40.046 177.599
40.066 177.632
40.087 177.665
40.107 177.698
40.127 177.731
40.147 177.764
40.290 177.257
40.310 177.291
40.330 177.324
40.350 177.357
40.371 177.390
40.391 177.423
40.411 177.456
40.431 177.489
40.452 177.522
40.472 177.555
40.492 177.588
40.512 177.621
40.533 177.653
40.553 177.686
40.573 177.719
40.593 177.752
40.613 177.784
40.634 177.817
40.654 177.849
40.674 177.882
40.817 177.381
40.837 177.414
40.857 177.447
40.877 177.480
40.898 177.512
40.918 177.544
40.938 177.577
40.958 177.610
40.978 177.642
40.999 177.674
41.019 177.707
41.039 177.739
41.059 177.772
41.080 177.804
41.100 177.836
41.120 177.868
41.140 177.901
41.160 177.932
41.181 177.965
41.201 177.997
41.343 177.502
41.364 177.534
41.384 177.567
41.404 177.599
41.424 177.631
41.445 177.663
41.465 177.695
41.485 177.727
41.505 177.759
41.526 177.791
41.546 177.823
41.566 177.855
41.586 177.887
41.606 177.918
41.627 177.950
41.647 177.982
41.667 178.014
41.687 178.045
41.708 178.077
41.728 178.109
41.870 177.620
41.891 177.652
41.911 177.683
41.931 177.715
41.951 177.747
41.971 177.778
41.992 177.810
42.012 177.842
42.032 177.873
42.052 177.904
42.072 177.936
42.093 177.968
42.113 177.999
42.133 178.030
42.153 178.062
42.174 178.093
42.194 178.124
42.214 178.155
42.234 178.187
42.255 178.218
42.397 177.735
42.417 177.766
42.438 177.797
42.458 177.829
42.478 177.860
42.498 177.891
42.518 177.922
42.539 177.953
42.559 177.984
42.579 178.015
42.599 178.046
42.620 178.077
42.640 178.108
42.660 178.139
42.680 178.170
42.700 178.201
42.721 178.232
42.741 178.263
42.761 178.293
42.781 178.324
42.924 177.847
42.944 177.877
42.964 177.908
42.984 177.939
43.005 177.970
43.025 178.001
43.045 178.031
43.065 178.062
43.086 178.093
43.106 178.123
43.126 178.154
43.146 178.185
43.166 178.215
43.187 178.245
43.207 178.276
43.227 178.307
43.247 178.337
43.268 178.368
43.288 178.398
43.308 178.428
43.451 177.956
43.471 177.986
43.491 178.017
43.511 178.047
43.532 178.078
43.552 178.108
43.572 178.138
43.592 178.169
43.612 178.199
43.633 178.229
43.653 178.259
43.673 178.289
43.693 178.319
43.714 178.350
43.734 178.379
43.754 178.410
43.774 178.440
43.794 178.470
43.815 178.499
43.835 178.529
43.977 178.063
43.998 178.093
44.018 178.123
44.038 178.153
44.058 178.183
44.079 178.212
44.099 178.242
44.119 178.272
44.139 178.302
44.159 178.332
44.180 178.362
44.200 178.391
44.220 178.421
44.240 178.451
44.261 178.480
44.281 178.510
44.301 178.540
44.321 178.569
44.342 178.599
44.362 178.628
44.504 178.167
44.525 178.196
44.545 178.226
44.565 178.256
44.585 178.285
44.605 178.315
44.626 178.344
44.646 178.374
44.666 178.403
44.686 178.433
44.706 178.462
44.727 178.491
44.747 178.521
44.767 178.550
44.787 178.579
44.808 178.608
44.828 178.638
44.848 178.667
44.868 178.696
44.889 178.725
45.031 178.269
45.051 178.298
45.072 178.327
45.092 178.356
45.112 178.385
45.132 178.415
45.152 178.443
45.173 178.473
45.193 178.502
45.213 178.531
45.233 178.560
45.254 178.589
45.274 178.618
45.294 178.647
45.314 178.675
45.334 178.704
45.355 178.733
45.375 178.762
45.395 178.790
45.415 178.819
45.558 178.368
45.578 178.397
45.598 178.425
45.618 178.454
45.639 178.483
45.659 178.512
45.679 178.540
45.699 178.569
45.720 178.598
45.740 178.627
45.760 178.655
45.780 178.684
45.800 178.712
45.821 178.741
45.841 178.769
45.861 178.798
45.881 178.826
45.902 178.855
45.922 178.883
45.942 178.912
46.085 178.465
46.105 178.494
46.125 178.522
46.145 178.550
46.166 178.579
46.186 178.607
46.206 178.635
46.226 178.664
46.246 178.692
46.267 178.720
46.287 178.748
46.307 178.777
46.327 178.805
46.347 178.833
46.368 178.862
46.388 178.889
46.408 178.918
46.428 178.946
46.449 178.974
46.469 179.002
46.611 178.560
46.632 178.588
46.652 178.616
46.672 178.644
46.692 178.672
46.712 178.700
46.733 178.728
46.753 178.756
46.773 178.784
46.793 178.812
46.814 178.840
46.834 178.868
46.854 178.896
46.874 178.924
46.895 178.951
46.915 178.979
46.935 179.007
46.955 179.035
46.975 179.062
46.996 179.090
47.138 178.653
47.158 178.681
47.179 178.708
47.199 178.736
47.219 178.764
47.239 178.791
47.260 178.819
47.280 178.846
47.300 178.874
47.320 178.902
47.340 178.929
47.361 178.957
47.381 178.984
47.401 179.012
47.421 179.039
47.442 179.066
47.462 179.094
47.482 179.121
47.502 179.149
47.523 179.176
47.665 178.743
47.685 178.771
47.705 178.798
47.726 178.825
47.746 178.853
47.766 178.880
47.786 178.908
47.807 178.935
47.827 178.962
47.847 178.989
47.867 179.017
47.888 179.043
47.908 179.071
47.928 179.098
47.948 179.125
47.968 179.152
47.989 179.179
48.009 179.206
48.029 179.233
48.049 179.260
48.192 178.832
48.212 178.859
48.232 178.886
48.252 178.913
48.273 178.940
48.293 178.967
48.313 178.994
48.333 179.021
48.354 179.048
48.374 179.075
48.394 179.102
48.414 179.129
48.434 179.155
48.455 179.182
48.475 179.209
48.495 179.236
48.515 179.263
48.536 179.289
48.556 179.316
48.576 179.342
48.719 178.919
48.739 178.946
48.759 178.973
48.779 178.999
48.800 179.026
48.820 179.052
48.840 179.079
48.860 179.106
48.880 179.132
48.901 179.159
48.921 179.186
48.941 179.212
48.961 179.238
48.981 179.265
49.002 179.291
49.022 179.318
49.042 179.344
49.062 179.371
49.083 179.397
49.103 179.423
49.245 179.004
49.266 179.030
49.286 179.057
49.306 179.083
49.326 179.109
49.346 179.136
49.367 179.162
49.387 179.188
49.407 179.215
49.427 179.241
49.448 179.267
49.468 179.293
49.488 179.319
49.508 179.346
49.529 179.372
49.549 179.398
49.569 179.424
49.589 179.450
49.609 179.476
49.630 179.502
49.772 179.087
49.792 179.113
49.813 179.139
49.833 179.165
49.853 179.191
49.873 179.217
49.894 179.244
49.914 179.269
49.934 179.295
49.954 179.321
49.974 179.347
49.995 179.373
50.015 179.399
50.035 179.425
50.055 179.451
50.075 179.477
50.096 179.502
50.116 179.528
50.136 179.554
50.156 179.580
50.299 179.168
50.319 179.194
50.339 179.220
50.360 179.246
50.380 179.271
50.400 179.297
50.420 179.323
50.441 179.349
50.461 179.374
50.481 179.400
50.501 179.426
50.521 179.451
50.542 179.477
50.562 179.502
50.582 179.528
50.602 179.554
50.623 179.579
50.643 179.604
50.663 179.630
50.683 179.655
50.826 179.248
50.846 179.274
50.866 179.299
50.886 179.325
50.907 179.350
50.927 179.376
50.947 179.401
50.967 179.426
50.988 179.452
51.008 179.477
51.028 179.502
51.048 179.528
51.069 179.553
51.089 179.578
51.109 179.603
51.129 179.629
51.149 179.654
51.170 179.679
51.190 179.704
51.210 179.729
51.353 179.326
51.373 179.352
51.393 179.377
51.413 179.402
51.434 179.427
51.454 179.452
51.474 179.477
51.494 179.503
51.514 179.527
51.535 179.552
51.555 179.578
51.575 179.603
51.595 179.627
51.615 179.652
51.636 179.677
51.656 179.703
51.676 179.727
51.696 179.752
51.717 179.777
51.737 179.802
51.879 179.403
51.900 179.428
51.920 179.453
51.940 179.478
51.960 179.502
51.980 179.527
52.001 179.552
52.021 179.577
52.041 179.602
52.061 179.626
52.082 179.651
52.102 179.676
52.122 179.700
52.142 179.725
52.163 179.750
52.183 179.775
52.203 179.799
52.223 179.824
52.243 179.849
52.264 179.873
52.406 179.478
52.426 179.502
52.447 179.527
52.467 179.552
52.487 179.576
52.507 179.601
52.528 179.625
52.548 179.650
52.568 179.674
52.588 179.699
52.608 179.723
52.629 179.748
52.649 179.772
52.669 179.797
52.689 179.821
52.709 179.846
52.730 179.870
52.750 179.894
52.770 179.919
52.790 179.943
52.933 179.551
52.953 179.576
52.973 179.600
52.994 179.624
53.014 179.648
53.034 179.673
53.054 179.697
53.075 179.722
53.095 179.746
53.115 179.770
53.135 179.794
53.155 179.818
53.176 179.843
53.196 179.867
53.216 179.891
53.236 179.915
53.257 179.939
53.277 179.963
53.297 179.987
53.317 180.011
53.460 179.623
53.480 179.647
53.500 179.671
53.520 179.696
53.541 179.720
53.561 179.744
53.581 179.768
53.601 179.792
53.621 179.816
53.642 179.839
53.662 179.864
53.682 179.888
53.702 179.912
53.723 179.935
53.743 179.959
53.763 179.983
53.783 180.007
53.804 180.031
53.824 180.054
53.844 180.078
53.986 179.694
54.007 179.718
54.027 179.742
54.047 179.765
54.067 179.789
54.088 179.813
54.108 179.837
54.128 179.861
54.148 179.884
54.169 179.908
54.189 179.932
54.209 179.955
54.229 179.979
54.249 180.002
54.270 180.026
54.290 180.050
54.310 180.073
54.330 180.097
54.351 180.120
54.371 180.144
54.513 179.763
54.534 179.787
54.554 179.810
54.574 179.834
54.594 179.858
54.614 179.881
54.635 179.904
54.655 179.928
54.675 179.952
54.695 179.975
54.716 179.998
54.736 180.022
54.756 180.045
54.776 180.068
54.797 180.092
54.817 180.115
54.837 180.139
54.857 180.162
54.877 180.185
54.898 180.208
55.040 179.831
55.060 179.854
55.081 179.878
55.101 179.901
55.121 179.924
55.141 179.947
55.161 179.971
55.182 179.994
55.202 180.017
55.222 180.040
55.242 180.064
55.263 180.087
55.283 180.110
55.303 180.133
55.323 180.156
55.343 180.179
55.364 180.203
55.384 180.226
55.404 180.248
55.424 180.272
55.567 179.898
55.587 179.921
55.607 179.944
55.628 179.967
55.648 179.990
55.668 180.013
55.688 180.036
55.709 180.059
55.729 180.082
55.749 180.105
55.769 180.128
55.789 180.151
55.810 180.174
55.830 180.197
55.850 180.219
55.870 180.242
55.891 180.265
55.911 180.288
55.931 180.311
55.951 180.334
56.094 179.963
56.114 179.986
56.134 180.009
56.154 180.032
56.175 180.055
56.195 180.077
56.215 180.100
56.235 180.123
56.255 180.146
56.276 180.168
56.296 180.191
56.316 180.214
56.336 180.236
56.357 180.259
56.377 180.281
56.397 180.304
56.417 180.327
56.438 180.350
56.458 180.372
56.478 180.394
56.620 180.027
56.641 180.050
56.661 180.072
56.681 180.095
56.701 180.118
56.722 180.140
56.742 180.163
56.762 180.185
56.782 180.208
56.803 180.230
56.823 180.253
56.843 180.275
56.863 180.298
56.883 180.320
56.904 180.342
56.924 180.365
56.944 180.387
56.964 180.410
56.985 180.432
57.005 180.454
57.147 180.090
57.167 180.113
57.188 180.135
57.208 180.157
57.228 180.180
57.248 180.202
57.269 180.224
57.289 180.247
57.309 180.269
57.329 180.291
57.350 180.313
57.370 180.336
57.390 180.358
57.410 180.380
57.431 180.402
57.451 180.424
57.471 180.447
57.491 180.469
57.511 180.491
57.532 180.513
57.674 180.152
57.694 180.174
57.715 180.196
57.735 180.219
57.755 180.241
57.775 180.263
57.795 180.285
57.816 180.307
57.836 180.329
57.856 180.351
57.876 180.373
57.897 180.395
57.917 180.417
57.937 180.439
57.957 180.461
57.977 180.483
57.998 180.505
58.018 180.527
58.038 180.549
58.058 180.570
58.201 180.213
58.221 180.235
58.241 180.257
58.262 180.279
58.282 180.301
58.302 180.323
58.322 180.344
58.343 180.366
58.363 180.388
58.383 180.410
58.403 180.431
58.423 180.453
58.444 180.475
58.464 180.497
58.484 180.519
58.504 180.540
58.525 180.562
58.545 180.584
58.565 180.606
58.585 180.627
58.728 180.273
58.748 180.294
58.768 180.316
58.788 180.338
58.809 180.359
58.829 180.381
58.849 180.402
58.869 180.424
58.889 180.446
58.910 180.468
58.930 180.489
58.950 180.511
58.970 180.532
58.991 180.554
59.011 180.575
59.031 180.597
59.051 180.618
59.072 180.640
59.092 180.661
59.112 180.683
59.255 180.331
59.275 180.353
59.295 180.374
59.315 180.396
59.335 180.417
59.356 180.439
59.376 180.460
59.396 180.481
59.416 180.503
59.437 180.524
59.457 180.546
59.477 180.567
59.497 180.588
59.517 180.610
59.538 180.631
59.558 180.652
59.578 180.673
59.598 180.695
59.618 180.716
59.639 180.737
59.781 180.389
59.801 180.410
59.822 180.431
59.842 180.452
59.862 180.474
59.882 180.495
59.903 180.516
59.923 180.537
59.943 180.559
59.963 180.580
59.983 180.601
60.004 180.622
60.024 180.643
60.044 180.664
60.064 180.686
60.085 180.706
60.105 180.728
60.125 180.749
60.145 180.770
60.166 180.791
60.308 180.445
60.328 180.466
60.349 180.487
60.369 180.508
60.389 180.529
60.409 180.551
60.429 180.572
60.450 180.592
60.470 180.613
60.490 180.635
60.510 180.656
60.531 180.676
60.551 180.697
60.571 180.718
60.591 180.739
60.611 180.760
60.632 180.781
60.652 180.802
60.672 180.823
60.692 180.844
60.835 180.501
60.855 180.522
60.875 180.543
60.896 180.563
60.916 180.584
60.936 180.605
60.956 180.626
60.977 180.647
60.997 180.667
61.017 180.688
61.037 180.709
61.057 180.730
61.078 180.750
61.098 180.771
61.118 180.792
61.138 180.813
61.158 180.833
61.179 180.854
61.199 180.875
61.219 180.895
61.362 180.555
61.382 180.576
61.402 180.597
61.422 180.617
61.443 180.638
61.463 180.659
61.483 180.679
61.503 180.700
61.523 180.720
61.544 180.741
61.564 180.762
61.584 180.782
61.604 180.803
61.625 180.823
61.645 180.844
61.665 180.864
61.685 180.885
61.706 180.905
61.726 180.926
61.746 180.946
61.889 180.609
61.909 180.630
61.929 180.650
61.949 180.670
61.969 180.691
61.990 180.711
62.010 180.732
62.030 180.752
62.050 180.773
62.071 180.793
62.091 180.813
62.111 180.834
62.131 180.854
62.151 180.874
62.172 180.895
62.192 180.915
62.212 180.935
62.232 180.956
62.252 180.976
62.273 180.996
62.415 180.662
62.435 180.682
62.456 180.702
62.476 180.723
62.496 180.743
62.516 180.763
62.537 180.784
62.557 180.804
62.577 180.824
62.597 180.844
62.617 180.864
62.638 180.885
62.658 180.905
62.678 180.925
62.698 180.945
62.719 180.965
62.739 180.985
62.759 181.005
62.779 181.025
62.800 181.046
62.942 180.714
62.962 180.734
62.983 180.754
63.003 180.774
63.023 180.794
63.043 180.814
63.063 180.834
63.084 180.854
63.104 180.874
63.124 180.894
63.144 180.914
63.164 180.934
63.185 180.954
63.205 180.974
63.225 180.994
63.245 181.014
63.266 181.034
63.286 181.054
63.306 181.074
63.326 181.094
63.469 180.765
63.489 180.785
63.509 180.805
63.529 180.825
63.550 180.844
63.570 180.864
63.590 180.884
63.610 180.904
63.631 180.924
63.651 180.944
63.671 180.964
63.691 180.983
63.712 181.003
63.732 181.023
63.752 181.043
63.772 181.063
63.792 181.082
63.813 181.102
63.833 181.122
63.853 181.141
63.996 180.815
64.016 180.835
64.036 180.854
64.056 180.874
64.077 180.894
64.097 180.914
64.117 180.933
64.137 180.953
64.157 180.972
64.178 180.992
64.198 181.012
64.218 181.032
64.238 181.051
64.259 181.071
64.279 181.090
64.299 181.110
64.319 181.130
64.340 181.149
64.360 181.169
64.380 181.188
64.522 180.864
64.543 180.884
64.563 180.903
64.583 180.923
64.603 180.942
64.624 180.962
64.644 180.982
64.664 181.001
64.684 181.020
64.704 181.040
64.725 181.060
64.745 181.079
64.765 181.099
64.785 181.118
64.806 181.137
64.826 181.157
64.846 181.176
64.866 181.195
64.886 181.215
64.907 181.234
65.049 180.913
65.070 180.932
65.090 180.952
65.110 180.971
65.130 180.990
65.150 181.010
65.171 181.029
65.191 181.048
65.211 181.068
65.231 181.087
65.251 181.106
65.272 181.126
65.292 181.145
65.312 181.164
65.332 181.183
65.353 181.203
65.373 181.222
65.393 181.241
65.413 181.260
65.433 181.280
65.576 180.961
65.596 180.980
65.617 180.999
65.637 181.018
65.657 181.038
65.677 181.057
65.697 181.076
65.718 181.095
65.738 181.114
65.758 181.133
65.778 181.152
65.799 181.172
65.819 181.191
65.839 181.210
65.859 181.229
65.879 181.248
65.900 181.267
65.920 181.286
65.940 181.305
65.960 181.324
66.103 181.008
66.123 181.027
66.143 181.046
66.163 181.065
66.184 181.084
66.204 181.103
66.224 181.122
66.244 181.141
66.265 181.160
66.285 181.179
66.305 181.198
66.325 181.217
66.346 181.236
66.366 181.255
66.386 181.274
66.406 181.292
66.426 181.311
66.447 181.330
66.467 181.349
66.487 181.368
66.630 181.054
66.650 181.073
66.670 181.092
66.690 181.111
66.710 181.130
66.731 181.148
66.751 181.167
66.771 181.186
66.791 181.205
66.812 181.224
66.832 181.242
66.852 181.261
66.872 181.280
66.893 181.299
66.913 181.317
66.933 181.336
66.953 181.355
66.973 181.374
66.994 181.392
67.014 181.411
67.156 181.100
67.177 181.118
67.197 181.137
67.217 181.156
67.237 181.174
67.258 181.193
67.278 181.212
67.298 181.230
67.318 181.249
67.338 181.268
67.359 181.286
67.379 181.305
67.399 181.324
67.419 181.342
67.440 181.361
67.460 181.379
67.480 181.398
67.500 181.417
67.520 181.435
67.541 181.454
67.683 181.144
67.704 181.163
67.724 181.181
67.744 181.200
67.764 181.219
67.784 181.237
67.805 181.256
67.825 181.274
67.845 181.293
67.865 181.311
67.885 181.330
67.906 181.348
67.926 181.367
67.946 181.385
67.966 181.403
67.987 181.422
68.007 181.440
68.027 181.459
68.047 181.477
68.067 181.496
68.210 181.188
68.230 181.207
68.251 181.225
68.271 181.244
68.291 181.262
68.311 181.281
68.331 181.299
68.352 181.317
68.372 181.336
68.392 181.354
68.412 181.372
68.433 181.391
68.453 181.409
68.473 181.427
68.493 181.445
68.513 181.464
68.534 181.482
68.554 181.500
68.574 181.518
68.594 181.537
68.737 181.232
68.757 181.250
68.777 181.268
68.797 181.287
68.818 181.305
68.838 181.323
68.858 181.341
68.878 181.360
68.899 181.378
68.919 181.396
68.939 181.414
68.959 181.432
68.980 181.451
69.000 181.469
69.020 181.487
69.040 181.505
69.060 181.523
69.081 181.541
69.101 181.559
69.121 181.577
69.264 181.275
69.284 181.293
69.304 181.311
69.324 181.329
69.344 181.347
69.365 181.365
69.385 181.383
69.405 181.401
69.425 181.419
69.446 181.438
69.466 181.455
69.486 181.473
69.506 181.492
69.526 181.510
69.547 181.527
69.567 181.545
69.587 181.563
69.607 181.581
69.628 181.599
69.648 181.617
69.790 181.317
69.811 181.335
69.831 181.353
69.851 181.371
69.871 181.389
69.891 181.407
69.912 181.424
69.932 181.442
69.952 181.460
69.972 181.478
69.993 181.496
70.013 181.514
70.033 181.532
70.053 181.550
70.073 181.568
70.094 181.585
70.114 181.603
70.134 181.621
70.154 181.639
70.175 181.657
70.317 181.358
70.337 181.376
70.358 181.394
70.378 181.412
70.398 181.430
70.418 181.448
70.439 181.465
70.459 181.483
70.479 181.501
70.499 181.519
70.519 181.536
70.540 181.554
70.560 181.572
70.580 181.589
70.600 181.607
70.621 181.625
70.641 181.642
70.661 181.660
70.681 181.678
70.701 181.695
70.844 181.399
70.864 181.417
70.885 181.435
70.905 181.452
70.925 181.470
70.945 181.488
70.965 181.505
70.986 181.523
71.006 181.541
71.026 181.558
71.046 181.576
71.067 181.593
71.087 181.611
71.107 181.628
71.127 181.646
71.147 181.663
71.168 181.681
71.188 181.699
71.208 181.716
71.228 181.734
71.371 181.440
71.391 181.457
71.411 181.475
71.431 181.492
71.452 181.510
71.472 181.527
71.492 181.545
71.512 181.562
71.533 181.580
71.553 181.597
71.573 181.615
71.593 181.632
71.614 181.649
71.634 181.667
71.654 181.684
71.674 181.702
71.694 181.719
71.715 181.737
71.735 181.754
71.755 181.771
71.898 181.479
71.918 181.497
71.938 181.514
71.958 181.531
71.978 181.549
71.999 181.566
72.019 181.584
72.039 181.601
72.059 181.618
72.080 181.636
72.100 181.653
72.120 181.670
72.140 181.688
72.160 181.705
72.181 181.722
72.201 181.739
72.221 181.757
72.241 181.774
72.262 181.791
72.282 181.808
72.424 181.518
72.445 181.536
72.465 181.553
72.485 181.570
72.505 181.587
72.525 181.605
72.546 181.622
72.566 181.639
72.586 181.656
72.606 181.674
72.627 181.691
72.647 181.708
72.667 181.725
72.687 181.742
72.707 181.759
72.728 181.776
72.748 181.794
72.768 181.811
72.788 181.828
72.809 181.845
72.951 181.557
72.971 181.574
72.992 181.591
73.012 181.608
73.032 181.626
73.052 181.643
73.073 181.660
73.093 181.677
73.113 181.694
73.133 181.711
73.153 181.728
73.174 181.745
73.194 181.762
73.214 181.779
73.234 181.796
73.254 181.813
73.275 181.830
73.295 181.847
73.315 181.864
73.335 181.881
73.478 181.595
73.498 181.612
73.518 181.629
73.539 181.646
73.559 181.663
73.579 181.680
73.599 181.697
73.620 181.714
73.640 181.731
73.660 181.748
73.680 181.765
73.700 181.782
73.721 181.798
73.741 181.815
73.761 181.832
73.781 181.849
73.802 181.866
73.822 181.883
73.842 181.900
73.862 181.917
74.005 181.633
74.025 181.649
74.045 181.666
74.066 181.683
74.086 181.700
74.106 181.717
74.126 181.734
74.146 181.751
74.167 181.767
74.187 181.784
74.207 181.801
74.227 181.818
74.248 181.834
74.268 181.851
74.288 181.868
74.308 181.885
74.328 181.901
74.349 181.918
74.369 181.935
74.389 181.952
74.532 181.669
74.552 181.686
74.572 181.703
74.592 181.720
74.612 181.736
74.633 181.753
74.653 181.770
74.673 181.787
74.693 181.803
74.714 181.820
74.734 181.837
74.754 181.853
74.774 181.870
74.794 181.886
74.815 181.903
74.835 181.920
74.855 181.936
74.875 181.953
74.896 181.969
74.916 181.986
75.058 181.706
75.079 181.723
75.099 181.739
75.119 181.756
75.139 181.772
75.159 181.789
75.180 181.806
75.200 181.822
75.220 181.839
75.240 181.855
75.261 181.872
75.281 181.888
75.301 181.905
75.321 181.921
75.341 181.938
75.362 181.954
75.382 181.971
75.402 181.987
75.422 182.004
75.443 182.020
75.585 181.742
75.605 181.758
75.626 181.775
75.646 181.791
75.666 181.808
75.686 181.824
75.707 181.841
75.727 181.857
75.747 181.873
75.767 181.890
75.787 181.906
75.808 181.923
75.828 181.939
75.848 181.955
75.868 181.972
75.888 181.988
75.909 182.005
75.929 182.021
75.949 182.037
75.969 182.054
76.112 181.777
76.132 181.794
76.152 181.810
76.173 181.826
76.193 181.843
76.213 181.859
76.233 181.875
76.254 181.892
76.274 181.908
76.294 181.924
76.314 181.941
76.334 181.957
76.355 181.973
76.375 181.989
76.395 182.006
76.415 182.022
76.436 182.038
76.456 182.054
76.476 182.070
76.496 182.087
76.639 181.812
76.659 181.828
76.679 181.845
76.699 181.861
76.720 181.877
76.740 181.893
76.760 181.910
76.780 181.926
76.800 181.942
76.821 181.958
76.841 181.974
76.861 181.990
76.881 182.007
76.902 182.023
76.922 182.039
76.942 182.055
76.962 182.071
76.983 182.087
77.003 182.103
77.023 182.119
77.166 181.847
77.186 181.863
77.206 181.879
77.226 181.895
77.246 181.911
77.267 181.927
77.287 181.943
77.307 181.959
77.327 181.976
77.348 181.991
77.368 182.008
77.388 182.024
77.408 182.040
77.428 182.056
77.449 182.072
77.469 182.088
77.489 182.104
77.509 182.120
77.530 182.136
77.550 182.152
77.692 181.881
77.713 181.897
77.733 181.913
77.753 181.929
77.773 181.945
77.793 181.961
77.814 181.977
77.834 181.993
77.854 182.009
77.874 182.024
77.895 182.040
77.915 182.056
77.935 182.072
77.955 182.088
77.975 182.104
77.996 182.120
78.016 182.136
78.036 182.152
78.056 182.167
78.077 182.183
78.219 181.914
78.239 181.930
78.260 181.946
78.280 181.962
78.300 181.978
78.320 181.994
78.341 182.009
78.361 182.025
78.381 182.041
78.401 182.057
78.421 182.073
78.442 182.089
78.462 182.104
78.482 182.120
78.502 182.136
78.522 182.152
78.543 182.168
78.563 182.183
78.583 182.199
78.603 182.215
78.746 181.947
78.766 181.963
78.786 181.979
78.807 181.995
78.827 182.010
78.847 182.026
78.867 182.042
78.888 182.058
78.908 182.073
78.928 182.089
78.948 182.105
78.968 182.120
78.989 182.136
79.009 182.152
79.029 182.167
79.049 182.183
79.070 182.199
79.090 182.214
79.110 182.230
79.130 182.246
79.273 181.980
79.293 181.996
79.313 182.011
79.333 182.027
79.354 182.043
79.374 182.058
79.394 182.074
79.414 182.089
79.434 182.105
79.455 182.121
79.475 182.136
79.495 182.152
79.515 182.167
79.536 182.183
79.556 182.198
79.576 182.214
79.596 182.230
79.617 182.245
79.637 182.261
79.657 182.276
79.799 182.012
79.820 182.028
79.840 182.043
79.860 182.059
79.880 182.074
79.901 182.090
79.921 182.105
79.941 182.121
79.961 182.136
79.981 182.152
80.002 182.167
80.022 182.183
80.042 182.198
80.062 182.214
80.083 182.229
80.103 182.245
80.123 182.260
80.143 182.276
80.164 182.291
80.184 182.306
80.326 182.044
80.347 182.060
80.367 182.075
80.387 182.090
80.407 182.106
80.427 182.121
80.448 182.136
80.468 182.152
80.488 182.167
80.508 182.183
80.529 182.198
80.549 182.213
80.569 182.229
80.589 182.244
80.609 182.259
80.630 182.275
80.650 182.290
80.670 182.305
80.690 182.321
80.711 182.336
80.853 182.075
80.873 182.091
80.894 182.106
80.914 182.121
80.934 182.137
80.954 182.152
80.975 182.167
80.995 182.183
81.015 182.198
81.035 182.213
81.055 182.228
81.076 182.244
81.096 182.259
81.116 182.274
81.136 182.289
81.156 182.305
81.177 182.320
81.197 182.335
81.217 182.350
81.237 182.365
81.380 182.106
81.400 182.122
81.420 182.137
81.441 182.152
81.461 182.167
81.481 182.183
81.501 182.198
81.522 182.213
81.542 182.228
81.562 182.243
81.582 182.258
81.602 182.273
81.623 182.289
81.643 182.304
81.663 182.319
81.683 182.334
81.704 182.349
81.724 182.364
81.744 182.379
81.764 182.394
81.907 182.137
81.927 182.152
81.947 182.167
81.967 182.182
81.988 182.197
82.008 182.213
82.028 182.227
82.048 182.243
82.069 182.258
82.089 182.273
82.109 182.288
82.129 182.303
82.149 182.318
82.170 182.333
82.190 182.348
82.210 182.363
82.230 182.378
82.251 182.393
82.271 182.408
82.291 182.423
82.433 182.167
82.454 182.182
82.474 182.197
82.494 182.212
82.514 182.227
82.535 182.242
82.555 182.257
82.575 182.272
82.595 182.287
82.615 182.302
82.636 182.317
82.656 182.332
82.676 182.347
82.696 182.362
82.717 182.377
82.737 182.392
82.757 182.406
82.777 182.421
82.797 182.436
82.818 182.451
82.960 182.197
82.981 182.212
83.001 182.227
83.021 182.242
83.041 182.257
83.061 182.272
83.082 182.286
83.102 182.301
83.122 182.316
83.142 182.331
83.162 182.346
83.183 182.361
83.203 182.375
83.223 182.390
83.243 182.405
83.264 182.420
83.284 182.435
83.304 182.449
83.324 182.464
83.345 182.479
83.487 182.226
83.507 182.241
83.528 182.256
83.548 182.271
83.568 182.286
83.588 182.300
83.608 182.315
83.629 182.330
83.649 182.345
83.669 182.359
83.689 182.374
83.710 182.389
83.730 182.404
83.750 182.418
83.770 182.433
83.790 182.448
83.811 182.462
83.831 182.477
83.851 182.492
83.871 182.506
84.014 182.255
84.034 182.270
84.054 182.285
84.075 182.300
84.095 182.314
84.115 182.329
84.135 182.344
84.156 182.358
84.176 182.373
84.196 182.388
84.216 182.402
84.236 182.417
84.257 182.431
84.277 182.446
84.297 182.461
84.317 182.475
84.338 182.490
84.358 182.505
84.378 182.519
84.398 182.534
84.541 182.284
84.561 182.299
84.581 182.313
84.601 182.328
84.622 182.343
84.642 182.357
84.662 182.372
84.682 182.386
84.703 182.401
84.723 182.415
84.743 182.430
84.763 182.444
84.783 182.459
84.804 182.474
84.824 182.488
84.844 182.502
84.864 182.517
84.885 182.532
84.905 182.546
84.925 182.561
85.067 182.312
85.088 182.327
85.108 182.342
85.128 182.356
85.148 182.370
85.169 182.385
85.189 182.400
85.209 182.414
85.229 182.428
85.249 182.443
85.270 182.457
85.290 182.472
85.310 182.486
85.330 182.501
85.351 182.515
85.371 182.530
85.391 182.544
85.411 182.558
85.431 182.573
85.452 182.587
85.594 182.340
85.615 182.355
85.635 182.369
85.655 182.384
85.675 182.398
85.695 182.413
85.716 182.427
85.736 182.441
85.756 182.456
85.776 182.470
85.796 182.484
85.817 182.499
85.837 182.513
85.857 182.527
85.877 182.542
85.898 182.556
85.918 182.570
85.938 182.585
85.958 182.599
85.978 182.613
86.121 182.368
86.141 182.382
86.162 182.397
86.182 182.411
86.202 182.425
86.222 182.440
86.242 182.454
86.263 182.468
86.283 182.482
86.303 182.497
86.323 182.511
86.344 182.525
86.364 182.539
86.384 182.554
86.404 182.568
86.424 182.582
86.445 182.596
86.465 182.611
86.485 182.625
86.505 182.639
86.648 182.395
86.668 182.410
86.688 182.424
86.709 182.438
86.729 182.452
86.749 182.467
86.769 182.481
86.789 182.495
86.810 182.509
86.830 182.523
86.850 182.537
86.870 182.552
86.891 182.566
86.911 182.580
86.931 182.594
86.951 182.608
86.972 182.622
86.992 182.636
87.012 182.651
87.032 182.665
87.175 182.422
87.195 182.437
87.215 182.451
87.235 182.465
87.256 182.479
87.276 182.493
87.296 182.507
87.316 182.521
87.337 182.535
87.357 182.549
87.377 182.564
87.397 182.578
87.417 182.592
87.438 182.606
87.458 182.620
87.478 182.634
87.498 182.648
87.519 182.662
87.539 182.676
87.559 182.690
87.701 182.449
87.722 182.463
87.742 182.477
87.762 182.491
87.782 182.505
87.803 182.519
87.823 182.533
87.843 182.547
87.863 182.561
87.883 182.575
87.904 182.589
87.924 182.603
87.944 182.617
87.964 182.631
87.985 182.645
88.005 182.659
88.025 182.673
88.045 182.687
88.066 182.701
88.086 182.715
88.228 182.475
88.249 182.489
88.269 182.503
88.289 182.517
88.309 182.531
88.329 182.545
88.350 182.559
88.370 182.573
88.390 182.587
88.410 182.601
88.430 182.615
88.451 182.629
88.471 182.643
88.491 182.656
88.511 182.670
88.532 182.684
88.552 182.698
88.572 182.712
88.592 182.726
88.612 182.740
88.755 182.501
88.775 182.515
88.796 182.529
88.816 182.543
88.836 182.557
88.856 182.571
88.876 182.585
88.897 182.598
88.917 182.612
88.937 182.626
88.957 182.640
88.978 182.654
88.998 182.668
89.018 182.681
89.038 182.695
89.058 182.709
89.079 182.723
89.099 182.736
89.119 182.750
89.139 182.764
89.282 182.527
89.302 182.541
89.322 182.555
89.343 182.569
89.363 182.582
89.383 182.596
89.403 182.610
89.423 182.624
89.444 182.637
89.464 182.651
89.484 182.665
89.504 182.678
89.525 182.692
89.545 182.706
89.565 182.720
89.585 182.733
89.605 182.747
89.626 182.761
89.646 182.774
89.666 182.788
89.809 182.553
89.829 182.566
89.849 182.580
89.869 182.594
89.889 182.607
89.910 182.621
89.930 182.635
89.950 182.648
89.970 182.662
89.991 182.676
90.011 182.689
90.031 182.703
90.051 182.717
90.072 182.730
90.092 182.744
90.112 182.757
90.132 182.771
90.153 182.784
90.173 182.798
90.193 182.812
90.335 182.578
90.356 182.591
90.376 182.605
90.396 182.619
90.416 182.632
90.437 182.646
90.457 182.659
90.477 182.673
90.497 182.687
90.517 182.700
90.538 182.714
90.558 182.727
90.578 182.741
90.598 182.754
90.619 182.768
90.639 182.781
90.659 182.795
90.679 182.808
90.700 182.822
90.720 182.835
90.862 182.603
90.882 182.616
90.903 182.630
90.923 182.643
90.943 182.657
90.963 182.670
90.984 182.684
91.004 182.697
91.024 182.711
91.044 182.724
91.064 182.737
91.085 182.751
91.105 182.765
91.125 182.778
91.145 182.791
91.166 182.805
91.186 182.818
91.206 182.832
91.226 182.845
91.246 182.858
91.389 182.627
91.409 182.640
91.430 182.654
91.450 182.667
91.470 182.681
91.490 182.694
91.510 182.708
91.531 182.721
91.551 182.735
91.571 182.748
91.591 182.761
91.612 182.775
91.632 182.788
91.652 182.801
91.672 182.815
91.692 182.828
91.713 182.841
91.733 182.855
91.753 182.868
91.773 182.881
91.916 182.651
91.936 182.665
91.956 182.678
91.977 182.691
91.997 182.705
92.017 182.718
92.037 182.731
92.057 182.745
92.078 182.758
92.098 182.771
92.118 182.785
92.138 182.798
92.159 182.811
92.179 182.825
92.199 182.838
92.219 182.851
92.239 182.864
92.260 182.878
92.280 182.891
92.300 182.904
92.443 182.675
92.463 182.689
92.483 182.702
92.503 182.715
92.523 182.728
92.544 182.742
92.564 182.755
92.584 182.768
92.604 182.781
92.625 182.795
92.645 182.808
92.665 182.821
92.685 182.834
92.706 182.848
92.726 182.861
92.746 182.874
92.766 182.887
92.786 182.900
92.807 182.913
92.827 182.927
92.969 182.699
92.990 182.712
93.010 182.725
93.030 182.739
93.050 182.752
93.070 182.765
93.091 182.778
93.111 182.791
93.131 182.805
93.151 182.818
93.172 182.831
93.192 182.844
93.212 182.857
93.232 182.870
93.253 182.883
93.273 182.896
93.293 182.910
93.313 182.923
93.334 182.936
93.354 182.949
93.496 182.723
93.516 182.736
93.537 182.749
93.557 182.762
93.577 182.775
93.597 182.788
93.618 182.801
93.638 182.814
93.658 182.827
93.678 182.840
93.698 182.853
93.719 182.866
93.739 182.880
93.759 182.893
93.779 182.906
93.800 182.919
93.820 182.932
93.840 182.945
93.860 182.958
93.880 182.971
94.023 182.746
94.043 182.759
94.064 182.772
94.084 182.785
94.104 182.798
94.124 182.811
94.144 182.824
94.165 182.837
94.185 182.850
94.205 182.863
94.225 182.876
94.246 182.889
94.266 182.902
94.286 182.915
94.306 182.928
94.326 182.941
94.347 182.954
94.367 182.967
94.387 182.980
94.407 182.992
94.550 182.769
94.570 182.782
94.590 182.794
94.611 182.807
94.631 182.820
94.651 182.833
94.671 182.846
94.691 182.859
94.712 182.872
94.732 182.885
94.752 182.898
94.772 182.911
94.793 182.924
94.813 182.937
94.833 182.950
94.853 182.962
94.873 182.975
94.894 182.988
94.914 183.001
94.934 183.014
95.077 182.791
95.097 182.804
95.117 182.817
95.137 182.830
95.157 182.843
95.178 182.856
95.198 182.869
95.218 182.881
95.238 182.894
95.259 182.907
95.279 182.920
95.299 182.933
95.319 182.946
95.340 182.958
95.360 182.971
95.380 182.984
95.400 182.997
95.420 183.010
95.441 183.022
95.461 183.035
95.603 182.814
95.624 182.827
95.644 182.839
95.664 182.852
95.684 182.865
95.704 182.878
95.725 182.891
95.745 182.903
95.765 182.916
95.785 182.929
95.806 182.942
95.826 182.954
95.846 182.967
95.866 182.980
95.886 182.993
95.907 183.005
95.927 183.018
95.947 183.031
95.967 183.044
95.988 183.056
96.130 182.836
96.150 182.849
96.171 182.861
96.191 182.874
96.211 182.887
96.231 182.900
96.251 182.912
96.272 182.925
96.292 182.938
96.312 182.950
96.332 182.963
96.353 182.976
96.373 182.988
96.393 183.001
96.413 183.014
96.434 183.026
96.454 183.039
96.474 183.052
96.494 183.064
96.514 183.077
96.657 182.858
96.677 182.871
96.697 182.883
96.718 182.896
96.738 182.908
96.758 182.921
96.778 182.934
96.799 182.946
96.819 182.959
96.839 182.972
96.859 182.984
96.879 182.997
96.900 183.009
96.920 183.022
96.940 183.035
96.960 183.047
96.981 183.060
97.001 183.072
97.021 183.085
97.041 183.098
97.184 182.880
97.204 182.892
97.224 182.905
97.245 182.917
97.265 182.930
97.285 182.942
97.305 182.955
97.325 182.967
97.346 182.980
97.366 182.993
97.386 183.005
97.406 183.018
97.427 183.030
97.447 183.043
97.467 183.055
97.487 183.068
97.507 183.080
97.528 183.093
97.548 183.105
97.568 183.118
97.711 182.901
97.731 182.914
97.751 182.926
97.771 182.938
97.791 182.951
97.812 182.964
97.832 182.976
97.852 182.989
97.872 183.001
97.893 183.013
97.913 183.026
97.933 183.038
97.953 183.051
97.974 183.063
97.994 183.076
98.014 183.088
98.034 183.101
98.054 183.113
98.075 183.126
98.095 183.138
98.237 182.922
98.258 182.935
98.278 182.947
98.298 182.960
98.318 182.972
98.338 182.984
98.359 182.997
98.379 183.009
98.399 183.022
98.419 183.034
98.440 183.046
98.460 183.059
98.480 183.071
98.500 183.084
98.520 183.096
98.541 183.108
98.561 183.121
98.581 183.133
98.601 183.145
98.622 183.158
98.764 182.943
98.784 182.956
98.805 182.968
98.825 182.980
98.845 182.993
98.865 183.005
98.885 183.017
98.906 183.030
98.926 183.042
98.946 183.054
98.966 183.067
98.987 183.079
99.007 183.091
99.027 183.104
99.047 183.116
99.067 183.128
99.088 183.141
99.108 183.153
99.128 183.165
99.148 183.178
99.291 182.964
99.311 182.976
99.331 182.989
99.352 183.001
99.372 183.013
99.392 183.026
99.412 183.038
99.433 183.050
99.453 183.062
99.473 183.075
99.493 183.087
99.513 183.099
99.534 183.111
99.554 183.124
99.574 183.136
99.594 183.148
99.615 183.160
99.635 183.172
99.655 183.185
99.675 183.197
99.818 182.985
99.838 182.997
99.858 183.009
99.878 183.021
99.899 183.033
99.919 183.046
99.939 183.058
99.959 183.070
99.980 183.082
100.000 183.095
