0.253 0.154
0.768 2.644
0.776 5.182
1.283 4.689
1.291 6.202
1.299 7.696
1.308 9.170
1.798 7.779
1.806 8.846
1.814 9.905
1.823 10.953
1.831 11.992
1.839 13.022
1.847 14.042
1.855 15.053
2.313 12.939
2.321 13.751
2.329 14.558
2.337 15.359
2.345 16.155
2.354 16.945
2.362 17.729
2.370 18.509
2.378 19.282
2.387 20.050
2.395 20.813
2.403 21.571
2.411 22.323
2.420 23.071
2.428 23.814
2.436 24.551
2.827 21.856
2.836 22.496
2.844 23.131
2.852 23.763
2.860 24.391
2.869 25.016
2.877 25.637
2.885 26.255
2.893 26.868
2.901 27.479
2.910 28.086
2.918 28.690
2.926 29.289
2.934 29.886
2.942 30.480
2.951 31.070
2.959 31.657
2.967 32.241
2.975 32.821
2.984 33.399
3.342 30.411
3.350 30.931
3.359 31.449
3.367 31.964
3.375 32.476
3.383 32.986
3.392 33.494
3.400 33.999
3.408 34.501
3.416 35.001
3.424 35.499
3.433 35.994
3.441 36.487
3.449 36.977
3.457 37.466
3.466 37.952
3.474 38.435
3.482 38.917
3.490 39.396
3.498 39.873
3.857 36.682
3.865 37.120
3.873 37.556
3.882 37.990
3.890 38.421
3.898 38.851
3.906 39.279
3.914 39.706
3.923 40.130
3.931 40.553
3.939 40.974
3.947 41.394
3.956 41.811
3.964 42.227
3.972 42.641
3.980 43.054
3.989 43.464
3.997 43.873
4.005 44.281
4.013 44.687
4.372 41.477
4.380 41.854
4.388 42.230
4.396 42.604
4.405 42.976
4.413 43.348
4.421 43.718
4.429 44.087
4.438 44.453
4.446 44.819
4.454 45.184
4.462 45.548
4.470 45.910
4.479 46.269
4.487 46.629
4.495 46.987
4.503 47.344
4.512 47.698
4.520 48.052
4.528 48.405
4.887 45.261
4.895 45.592
4.903 45.922
4.911 46.251
4.920 46.578
4.928 46.905
4.936 47.230
4.944 47.555
4.952 47.878
4.961 48.200
4.969 48.522
4.977 48.842
4.985 49.161
4.994 49.478
5.002 49.796
5.010 50.112
5.018 50.427
5.026 50.740
5.035 51.053
5.043 51.365
5.401 48.324
5.410 48.619
5.418 48.913
5.426 49.206
5.434 49.498
5.442 49.789
5.451 50.080
5.459 50.369
5.467 50.658
5.475 50.945
5.484 51.232
5.492 51.519
5.500 51.804
5.508 52.088
5.516 52.371
5.525 52.654
5.533 52.936
5.541 53.216
5.549 53.497
5.558 53.776
5.916 50.854
5.924 51.119
5.933 51.385
5.941 51.649
5.949 51.913
5.957 52.175
5.965 52.437
5.974 52.698
5.982 52.959
5.990 53.218
5.998 53.478
6.007 53.736
6.015 53.994
6.023 54.251
6.031 54.507
6.040 54.763
6.048 55.018
6.056 55.272
6.064 55.526
6.072 55.779
6.431 52.979
6.439 53.220
6.447 53.461
6.456 53.702
6.464 53.942
6.472 54.181
6.480 54.420
6.489 54.658
6.497 54.896
6.505 55.132
6.513 55.368
6.521 55.604
6.530 55.839
6.538 56.073
6.546 56.307
6.554 56.541
6.562 56.774
6.571 57.005
6.579 57.237
6.587 57.468
6.946 54.789
6.954 55.010
6.962 55.231
6.970 55.452
6.979 55.672
6.987 55.891
6.995 56.111
7.003 56.329
7.011 56.548
7.020 56.765
7.028 56.982
7.036 57.199
7.044 57.415
7.053 57.630
7.061 57.845
7.069 58.060
7.077 58.274
7.085 58.488
7.094 58.700
7.102 58.913
7.460 56.349
7.469 56.553
7.477 56.757
7.485 56.961
7.493 57.165
7.502 57.367
7.510 57.570
7.518 57.772
7.526 57.974
7.535 58.174
7.543 58.375
7.551 58.576
7.559 58.776
7.567 58.975
7.576 59.174
7.584 59.372
7.592 59.571
7.600 59.768
7.609 59.965
7.617 60.162
7.975 57.707
7.984 57.897
7.992 58.087
8.000 58.276
8.008 58.465
8.017 58.653
8.025 58.842
8.033 59.030
8.041 59.217
8.049 59.404
8.058 59.590
8.066 59.777
8.074 59.963
8.082 60.149
8.091 60.333
8.099 60.518
8.107 60.703
8.115 60.887
8.123 61.070
8.132 61.253
8.490 58.901
8.498 59.078
8.507 59.255
8.515 59.432
8.523 59.609
8.531 59.785
8.540 59.960
8.548 60.136
8.556 60.311
8.564 60.486
8.572 60.660
8.581 60.834
8.589 61.008
8.597 61.181
8.605 61.354
8.614 61.527
8.622 61.699
8.630 61.872
8.638 62.043
8.646 62.214
9.005 59.959
9.013 60.125
9.021 60.291
9.030 60.457
9.038 60.622
9.046 60.787
9.054 60.952
9.062 61.116
9.071 61.281
9.079 61.445
9.087 61.608
9.095 61.771
9.104 61.935
9.112 62.098
9.120 62.259
9.128 62.422
9.136 62.584
9.145 62.746
9.153 62.906
9.161 63.067
9.520 60.902
9.528 61.058
9.536 61.214
9.544 61.370
9.553 61.526
9.561 61.682
9.569 61.836
9.577 61.991
9.585 62.146
9.594 62.301
9.602 62.454
9.610 62.608
9.618 62.762
9.627 62.916
9.635 63.068
9.643 63.221
9.651 63.374
9.659 63.526
9.668 63.679
9.676 63.830
10.034 61.748
10.043 61.896
10.051 62.043
10.059 62.190
10.067 62.338
10.076 62.485
10.084 62.631
10.092 62.777
10.100 62.924
10.108 63.070
10.117 63.215
10.125 63.360
10.133 63.506
10.141 63.651
10.150 63.796
10.158 63.940
10.166 64.084
10.174 64.228
10.182 64.372
10.191 64.515
10.549 62.512
10.557 62.652
10.566 62.791
10.574 62.931
10.582 63.070
10.590 63.210
10.599 63.348
10.607 63.487
10.615 63.625
10.623 63.764
10.632 63.902
10.640 64.039
10.648 64.177
10.656 64.315
10.664 64.452
10.673 64.589
10.681 64.726
10.689 64.862
10.697 64.999
10.706 65.135
11.064 63.204
11.072 63.337
11.081 63.470
11.089 63.602
11.097 63.735
11.105 63.867
11.113 63.999
11.122 64.131
11.130 64.262
11.138 64.394
11.146 64.525
11.155 64.656
11.163 64.787
11.171 64.918
11.179 65.048
11.188 65.178
11.196 65.308
11.204 65.438
11.212 65.568
11.220 65.697
11.579 63.835
11.587 63.962
11.595 64.088
11.604 64.214
11.612 64.341
11.620 64.467
11.628 64.592
11.636 64.718
11.645 64.843
11.653 64.968
11.661 65.094
11.669 65.218
11.678 65.343
11.686 65.467
11.694 65.592
11.702 65.716
11.710 65.840
11.719 65.964
11.727 66.087
11.735 66.210
12.094 64.412
12.102 64.533
12.110 64.654
12.118 64.774
12.127 64.895
12.135 65.015
12.143 65.135
12.151 65.255
12.159 65.375
12.168 65.494
12.176 65.614
12.184 65.733
12.192 65.852
12.201 65.971
12.209 66.090
12.217 66.208
12.225 66.326
12.233 66.445
12.242 66.563
12.250 66.680
12.608 64.943
12.617 65.058
12.625 65.174
12.633 65.289
12.641 65.404
12.650 65.519
12.658 65.634
12.666 65.748
12.674 65.863
12.682 65.977
12.691 66.092
12.699 66.205
12.707 66.319
12.715 66.433
12.724 66.547
12.732 66.660
12.740 66.774
12.748 66.887
12.757 67.000
12.765 67.113
13.123 65.431
13.132 65.542
13.140 65.653
13.148 65.763
13.156 65.873
13.164 65.983
13.173 66.094
13.181 66.203
13.189 66.313
13.197 66.423
13.206 66.532
13.214 66.641
13.222 66.751
13.230 66.860
13.238 66.969
13.247 67.078
13.255 67.186
13.263 67.295
13.271 67.403
13.280 67.512
13.638 65.883
13.646 65.989
13.655 66.095
13.663 66.201
13.671 66.307
13.679 66.413
13.687 66.519
13.696 66.624
13.704 66.729
13.712 66.835
13.720 66.940
13.729 67.045
13.737 67.150
13.745 67.255
13.753 67.359
13.761 67.464
13.770 67.568
13.778 67.672
13.786 67.777
13.794 67.881
14.153 66.302
14.161 66.404
14.169 66.506
14.178 66.608
14.186 66.710
14.194 66.811
14.202 66.913
14.210 67.015
14.219 67.116
14.227 67.217
14.235 67.318
14.243 67.419
14.252 67.520
14.260 67.621
14.268 67.721
14.276 67.822
14.284 67.922
14.293 68.023
14.301 68.123
14.309 68.223
14.668 66.691
14.676 66.789
14.684 66.888
14.692 66.986
14.701 67.084
14.709 67.182
14.717 67.280
14.725 67.378
14.733 67.475
14.742 67.572
14.750 67.670
14.758 67.767
14.766 67.864
14.775 67.961
14.783 68.058
14.791 68.155
14.799 68.252
14.807 68.348
14.816 68.445
14.824 68.542
15.182 67.054
15.191 67.149
15.199 67.244
15.207 67.339
15.215 67.433
15.224 67.527
15.232 67.622
15.240 67.716
15.248 67.810
15.257 67.904
15.265 67.998
15.273 68.092
15.281 68.185
15.289 68.279
15.298 68.373
15.306 68.466
15.314 68.559
15.322 68.652
15.331 68.746
15.339 68.839
15.697 67.393
15.706 67.485
15.714 67.576
15.722 67.668
15.730 67.759
15.738 67.850
15.747 67.941
15.755 68.032
15.763 68.123
15.771 68.214
15.780 68.305
15.788 68.395
15.796 68.485
15.804 68.576
15.812 68.666
15.821 68.757
15.829 68.847
15.837 68.937
15.845 69.027
15.854 69.117
16.212 67.711
16.220 67.799
16.229 67.888
16.237 67.976
16.245 68.064
16.253 68.152
16.261 68.241
16.270 68.329
16.278 68.416
16.286 68.504
16.294 68.592
16.302 68.680
16.311 68.767
16.319 68.854
16.327 68.942
16.335 69.029
16.344 69.116
16.352 69.203
16.360 69.290
16.368 69.377
16.727 68.009
16.735 68.095
16.743 68.180
16.752 68.266
16.760 68.351
16.768 68.436
16.776 68.522
16.784 68.607
16.793 68.692
16.801 68.777
16.809 68.862
16.817 68.946
16.826 69.031
16.834 69.116
16.842 69.200
16.850 69.285
16.858 69.369
16.867 69.453
16.875 69.537
16.883 69.622
17.242 68.289
17.250 68.372
17.258 68.455
17.266 68.538
17.274 68.621
17.283 68.703
17.291 68.786
17.299 68.868
17.307 68.951
17.316 69.033
17.324 69.115
17.332 69.197
17.340 69.280
17.349 69.361
17.357 69.443
17.365 69.525
17.373 69.607
17.381 69.688
17.390 69.770
17.398 69.852
17.756 68.554
17.765 68.634
17.773 68.714
17.781 68.795
17.789 68.875
17.798 68.955
17.806 69.035
17.814 69.115
17.822 69.195
17.831 69.274
17.839 69.354
17.847 69.434
17.855 69.514
17.863 69.593
17.872 69.672
17.880 69.752
17.888 69.831
17.896 69.910
17.904 69.989
17.913 70.069
18.271 68.803
18.279 68.881
18.288 68.959
18.296 69.037
18.304 69.114
18.312 69.192
18.321 69.270
18.329 69.347
18.337 69.425
18.345 69.502
18.354 69.580
18.362 69.657
18.370 69.734
18.378 69.811
18.386 69.889
18.395 69.966
18.403 70.043
18.411 70.119
18.419 70.196
18.427 70.273
18.786 69.038
18.794 69.114
18.802 69.190
18.811 69.265
18.819 69.341
18.827 69.416
18.835 69.492
18.844 69.567
18.852 69.643
18.860 69.718
18.868 69.793
18.877 69.868
18.885 69.943
18.893 70.018
18.901 70.093
18.909 70.168
18.918 70.243
18.926 70.318
18.934 70.392
18.942 70.467
19.301 69.261
19.309 69.335
19.317 69.408
19.326 69.482
19.334 69.556
19.342 69.629
19.350 69.702
19.358 69.776
19.367 69.849
19.375 69.922
19.383 69.995
19.391 70.068
19.399 70.141
19.408 70.214
19.416 70.287
19.424 70.360
19.432 70.432
19.441 70.505
19.449 70.578
19.457 70.650
19.816 69.473
19.824 69.544
19.832 69.616
19.840 69.687
19.849 69.759
19.857 69.830
19.865 69.902
19.873 69.973
19.881 70.044
19.890 70.116
19.898 70.186
19.906 70.258
19.914 70.329
19.922 70.400
19.931 70.470
19.939 70.541
19.947 70.612
19.955 70.683
19.964 70.753
19.972 70.824
20.330 69.673
20.339 69.743
20.347 69.813
20.355 69.882
20.363 69.952
20.372 70.022
20.380 70.091
20.388 70.160
20.396 70.230
20.404 70.299
20.413 70.368
20.421 70.438
20.429 70.507
20.437 70.576
20.446 70.645
20.454 70.714
20.462 70.783
20.470 70.852
20.479 70.920
20.487 70.989
20.845 69.864
20.853 69.932
20.862 70.000
20.870 70.068
20.878 70.136
20.886 70.203
20.895 70.271
20.903 70.339
20.911 70.406
20.919 70.474
20.927 70.541
20.936 70.609
20.944 70.676
20.952 70.744
20.960 70.811
20.969 70.878
20.977 70.945
20.985 71.012
20.993 71.079
21.002 71.146
21.360 70.045
21.368 70.112
21.377 70.178
21.385 70.244
21.393 70.310
21.401 70.376
21.409 70.442
21.418 70.508
21.426 70.574
21.434 70.640
21.442 70.706
21.451 70.772
21.459 70.837
21.467 70.903
21.475 70.968
21.483 71.034
21.492 71.100
21.500 71.165
21.508 71.231
21.516 71.296
21.875 70.218
21.883 70.283
21.891 70.348
21.899 70.412
21.908 70.477
21.916 70.541
21.924 70.605
21.932 70.670
21.941 70.734
21.949 70.799
21.957 70.863
21.965 70.927
21.974 70.991
21.982 71.055
21.990 71.119
21.998 71.183
22.006 71.247
22.015 71.311
22.023 71.375
22.031 71.438
22.390 70.384
22.398 70.447
22.406 70.510
22.414 70.573
22.422 70.636
22.431 70.699
22.439 70.761
22.447 70.824
22.455 70.887
22.464 70.950
22.472 71.013
22.480 71.075
22.488 71.138
22.497 71.200
22.505 71.263
22.513 71.325
22.521 71.388
22.529 71.450
22.538 71.512
22.546 71.574
22.904 70.541
22.913 70.603
22.921 70.664
22.929 70.726
22.937 70.787
22.945 70.849
22.954 70.910
22.962 70.972
22.970 71.033
22.978 71.094
22.987 71.156
22.995 71.217
23.003 71.278
23.011 71.339
23.020 71.400
23.028 71.461
23.036 71.522
23.044 71.583
23.052 71.644
23.061 71.704
23.419 70.692
23.427 70.752
23.436 70.812
23.444 70.872
23.452 70.932
23.460 70.993
23.468 71.053
23.477 71.112
23.485 71.172
23.493 71.232
23.501 71.292
23.510 71.352
23.518 71.412
23.526 71.471
23.534 71.531
23.543 71.591
23.551 71.650
23.559 71.710
23.567 71.770
23.576 71.829
23.934 70.836
23.942 70.895
23.950 70.954
23.959 71.013
23.967 71.071
23.975 71.130
23.983 71.189
23.992 71.247
24.000 71.306
24.008 71.365
24.016 71.423
24.024 71.481
24.033 71.540
24.041 71.598
24.049 71.657
24.057 71.715
24.066 71.773
24.074 71.832
24.082 71.890
24.090 71.948
24.449 70.974
24.457 71.032
24.465 71.089
24.474 71.147
24.482 71.204
24.490 71.262
24.498 71.319
24.506 71.376
24.515 71.434
24.523 71.491
24.531 71.548
24.539 71.605
24.547 71.663
24.556 71.720
24.564 71.777
24.572 71.834
24.580 71.891
24.589 71.948
24.597 72.005
24.605 72.062
24.964 71.107
24.972 71.163
24.980 71.219
24.988 71.276
24.997 71.332
25.005 71.388
25.013 71.444
25.021 71.500
25.029 71.556
25.038 71.613
25.046 71.669
25.054 71.724
25.062 71.780
25.070 71.836
25.079 71.892
25.087 71.948
25.095 72.004
25.103 72.060
25.112 72.116
25.120 72.171
25.478 71.234
25.487 71.289
25.495 71.344
25.503 71.399
25.511 71.454
25.520 71.509
25.528 71.564
25.536 71.619
25.544 71.674
25.552 71.729
25.561 71.784
25.569 71.839
25.577 71.894
25.585 71.948
25.593 72.003
25.602 72.058
25.610 72.112
25.618 72.167
25.626 72.222
25.635 72.276
25.993 71.356
26.001 71.410
26.010 71.464
26.018 71.518
26.026 71.572
26.034 71.626
26.043 71.680
26.051 71.734
26.059 71.787
26.067 71.841
26.075 71.895
26.084 71.949
26.092 72.002
26.100 72.056
26.108 72.109
26.116 72.163
26.125 72.216
26.133 72.270
26.141 72.324
26.149 72.377
26.508 71.473
26.516 71.526
26.524 71.579
26.533 71.632
26.541 71.685
26.549 71.738
26.557 71.791
26.566 71.843
26.574 71.896
26.582 71.949
26.590 72.001
26.598 72.054
26.607 72.106
26.615 72.159
26.623 72.212
26.631 72.264
26.640 72.317
26.648 72.369
26.656 72.422
26.664 72.474
27.023 71.586
27.031 71.638
27.039 71.690
27.047 71.742
27.056 71.793
27.064 71.845
27.072 71.897
27.080 71.949
27.089 72.000
27.097 72.052
27.105 72.104
27.113 72.156
27.122 72.207
27.130 72.259
27.138 72.310
27.146 72.362
27.154 72.413
27.163 72.464
27.171 72.516
27.179 72.567
27.538 71.695
27.546 71.746
27.554 71.797
27.562 71.847
27.570 71.898
27.579 71.949
27.587 72.000
27.595 72.051
27.603 72.101
27.612 72.152
27.620 72.203
27.628 72.253
27.636 72.304
27.645 72.354
27.653 72.405
27.661 72.455
27.669 72.506
27.677 72.556
27.686 72.607
27.694 72.657
28.052 71.799
28.061 71.849
28.069 71.899
28.077 71.949
28.085 71.999
28.093 72.049
28.102 72.099
28.110 72.148
28.118 72.198
28.126 72.248
28.135 72.298
28.143 72.347
28.151 72.397
28.159 72.446
28.168 72.496
28.176 72.546
28.184 72.595
28.192 72.644
28.200 72.694
28.209 72.743
28.567 71.900
28.575 71.949
28.584 71.998
28.592 72.047
28.600 72.096
28.608 72.145
28.616 72.194
28.625 72.243
28.633 72.292
28.641 72.340
28.649 72.389
28.658 72.438
28.666 72.487
28.674 72.535
28.682 72.584
28.691 72.633
28.699 72.681
28.707 72.730
28.715 72.778
28.723 72.827
29.082 71.998
29.090 72.046
29.098 72.094
29.107 72.142
29.115 72.190
29.123 72.238
29.131 72.286
29.140 72.334
29.148 72.382
29.156 72.430
29.164 72.478
29.172 72.525
29.181 72.573
29.189 72.621
29.197 72.669
29.205 72.717
29.213 72.764
29.222 72.812
29.230 72.860
29.238 72.907
29.597 72.092
29.605 72.139
29.613 72.186
29.621 72.233
29.630 72.280
29.638 72.327
29.646 72.375
29.654 72.422
29.663 72.469
29.671 72.516
29.679 72.563
29.687 72.610
29.695 72.657
29.704 72.704
29.712 72.751
29.720 72.798
29.728 72.845
29.737 72.891
29.745 72.938
29.753 72.985
30.111 72.182
30.120 72.228
30.128 72.275
30.136 72.321
30.144 72.368
30.153 72.414
30.161 72.460
30.169 72.507
30.177 72.553
30.186 72.599
30.194 72.645
30.202 72.692
30.210 72.738
30.218 72.784
30.227 72.830
30.235 72.876
30.243 72.922
30.251 72.968
30.260 73.014
30.268 73.060
30.626 72.270
30.635 72.315
30.643 72.361
30.651 72.407
30.659 72.452
30.668 72.498
30.676 72.543
30.684 72.589
30.692 72.634
30.700 72.679
30.709 72.725
30.717 72.770
30.725 72.816
30.733 72.861
30.741 72.906
30.750 72.952
30.758 72.997
30.766 73.042
30.774 73.087
30.783 73.133
31.141 72.355
31.149 72.399
31.158 72.444
31.166 72.489
31.174 72.534
31.182 72.578
31.191 72.623
31.199 72.668
31.207 72.713
31.215 72.758
31.223 72.802
31.232 72.847
31.240 72.891
31.248 72.936
31.256 72.980
31.265 73.025
31.273 73.069
31.281 73.114
31.289 73.158
31.297 73.203
31.656 72.437
31.664 72.481
31.672 72.525
31.681 72.569
31.689 72.613
31.697 72.657
31.705 72.701
31.713 72.745
31.722 72.789
31.730 72.833
31.738 72.876
31.746 72.920
31.755 72.964
31.763 73.008
31.771 73.052
31.779 73.096
31.788 73.140
31.796 73.183
31.804 73.227
31.812 73.271
32.171 72.516
32.179 72.559
32.187 72.603
32.195 72.646
32.204 72.689
32.212 72.733
32.220 72.776
32.228 72.819
32.236 72.862
32.245 72.906
32.253 72.949
32.261 72.992
32.269 73.035
32.278 73.078
32.286 73.121
32.294 73.164
32.302 73.207
32.310 73.250
32.319 73.293
32.327 73.336
32.685 72.593
32.694 72.636
32.702 72.678
32.710 72.721
32.718 72.763
32.727 72.806
32.735 72.848
32.743 72.891
32.751 72.934
32.760 72.976
32.768 73.019
32.776 73.061
32.784 73.104
32.792 73.146
32.801 73.188
32.809 73.231
32.817 73.273
32.825 73.315
32.834 73.358
32.842 73.400
33.200 72.667
33.209 72.709
33.217 72.751
33.225 72.793
33.233 72.835
33.241 72.877
33.250 72.919
33.258 72.961
33.266 73.003
33.274 73.045
33.283 73.086
33.291 73.128
33.299 73.170
33.307 73.212
33.316 73.253
33.324 73.295
33.332 73.337
33.340 73.378
33.348 73.420
33.357 73.462
33.715 72.740
33.723 72.781
33.732 72.822
33.740 72.863
33.748 72.905
33.756 72.946
33.764 72.987
33.773 73.028
33.781 73.070
33.789 73.111
33.797 73.152
33.806 73.193
33.814 73.234
33.822 73.275
33.830 73.317
33.839 73.357
33.847 73.398
33.855 73.440
33.863 73.481
33.871 73.521
34.230 72.810
34.238 72.850
34.246 72.891
34.255 72.932
34.263 72.972
34.271 73.013
34.279 73.054
34.288 73.094
34.296 73.135
34.304 73.175
34.312 73.216
34.320 73.256
34.329 73.297
34.337 73.337
34.345 73.378
34.353 73.418
34.361 73.458
34.370 73.499
34.378 73.539
34.386 73.579
34.745 72.878
34.753 72.918
34.761 72.958
34.769 72.998
34.778 73.038
34.786 73.078
34.794 73.118
34.802 73.158
34.810 73.198
34.819 73.238
34.827 73.278
34.835 73.317
34.843 73.357
34.852 73.397
34.860 73.437
34.868 73.477
34.876 73.517
34.885 73.556
34.893 73.596
34.901 73.636
35.260 72.944
35.268 72.983
35.276 73.023
35.284 73.062
35.292 73.101
35.301 73.141
35.309 73.180
35.317 73.219
35.325 73.259
35.334 73.298
35.342 73.338
35.350 73.377
35.358 73.416
35.366 73.455
35.375 73.495
35.383 73.534
35.391 73.573
35.399 73.612
35.407 73.651
35.416 73.690
35.774 73.008
35.782 73.047
35.791 73.086
35.799 73.124
35.807 73.163
35.815 73.202
35.824 73.241
35.832 73.279
35.840 73.318
35.848 73.357
35.856 73.396
35.865 73.434
35.873 73.473
35.881 73.512
35.889 73.551
35.898 73.589
35.906 73.628
35.914 73.666
35.922 73.705
35.931 73.744
36.289 73.070
36.297 73.108
36.306 73.147
36.314 73.185
36.322 73.223
36.330 73.261
36.338 73.300
36.347 73.338
36.355 73.376
36.363 73.414
36.371 73.452
36.380 73.490
36.388 73.529
36.396 73.567
36.404 73.605
36.412 73.643
36.421 73.681
36.429 73.719
36.437 73.757
36.445 73.795
36.804 73.130
36.812 73.168
36.820 73.206
36.829 73.244
36.837 73.281
36.845 73.319
36.853 73.357
36.861 73.394
36.870 73.432
36.878 73.470
36.886 73.508
36.894 73.545
36.903 73.583
36.911 73.620
36.919 73.658
36.927 73.695
36.935 73.733
36.944 73.770
36.952 73.808
36.960 73.845
37.319 73.189
37.327 73.227
37.335 73.264
37.343 73.301
37.352 73.338
37.360 73.375
37.368 73.413
37.376 73.450
37.385 73.487
37.393 73.524
37.401 73.561
37.409 73.598
37.417 73.635
37.426 73.672
37.434 73.709
37.442 73.746
37.450 73.783
37.459 73.820
37.467 73.857
37.475 73.894
37.834 73.247
37.842 73.283
37.850 73.320
37.858 73.357
37.866 73.393
37.875 73.430
37.883 73.467
37.891 73.503
37.899 73.540
37.907 73.577
37.916 73.613
37.924 73.650
37.932 73.686
37.940 73.723
37.949 73.759
37.957 73.796
37.965 73.832
37.973 73.869
37.981 73.905
37.990 73.942
38.348 73.302
38.356 73.338
38.365 73.375
38.373 73.411
38.381 73.447
38.389 73.483
38.398 73.519
38.406 73.556
38.414 73.592
38.422 73.628
38.431 73.664
38.439 73.700
38.447 73.736
38.455 73.772
38.463 73.808
38.472 73.844
38.480 73.880
38.488 73.916
38.496 73.952
38.505 73.988
38.863 73.356
38.871 73.392
38.880 73.428
38.888 73.464
38.896 73.499
38.904 73.535
38.912 73.571
38.921 73.606
38.929 73.642
38.937 73.678
38.945 73.713
38.953 73.749
38.962 73.784
38.970 73.820
38.978 73.855
38.986 73.891
38.995 73.926
39.003 73.962
39.011 73.997
39.019 74.033
39.378 73.409
39.386 73.445
39.394 73.480
39.403 73.515
39.411 73.550
39.419 73.585
39.427 73.621
39.435 73.656
39.444 73.691
39.452 73.726
39.460 73.761
39.468 73.796
39.477 73.831
39.485 73.866
39.493 73.902
39.501 73.937
39.509 73.972
39.518 74.007
39.526 74.042
39.534 74.077
39.893 73.461
39.901 73.496
39.909 73.530
39.917 73.565
39.926 73.600
39.934 73.635
39.942 73.669
39.950 73.704
39.958 73.739
39.967 73.773
39.975 73.808
39.983 73.843
39.991 73.877
40.000 73.912
40.008 73.947
40.016 73.981
40.024 74.016
40.032 74.050
40.041 74.085
40.049 74.119
40.407 73.511
40.416 73.545
40.424 73.580
40.432 73.614
40.440 73.648
40.449 73.682
40.457 73.717
40.465 73.751
40.473 73.785
40.481 73.819
40.490 73.854
40.498 73.888
40.506 73.922
40.514 73.956
40.523 73.990
40.531 74.025
40.539 74.059
40.547 74.093
40.556 74.127
40.564 74.161
40.922 73.560
40.931 73.594
40.939 73.628
40.947 73.662
40.955 73.695
40.963 73.729
40.972 73.763
40.980 73.797
40.988 73.831
40.996 73.864
41.005 73.898
41.013 73.932
41.021 73.966
41.029 73.999
41.037 74.033
41.046 74.067
41.054 74.101
41.062 74.134
41.070 74.168
41.078 74.201
41.437 73.608
41.445 73.641
41.453 73.674
41.462 73.708
41.470 73.741
41.478 73.775
41.486 73.808
41.495 73.841
41.503 73.875
41.511 73.908
41.519 73.942
41.528 73.975
41.536 74.008
41.544 74.041
41.552 74.075
41.560 74.108
41.569 74.141
41.577 74.174
41.585 74.208
41.593 74.241
41.952 73.654
41.960 73.687
41.968 73.720
41.977 73.753
41.985 73.786
41.993 73.819
42.001 73.852
42.009 73.885
42.018 73.918
42.026 73.951
42.034 73.984
42.042 74.017
42.050 74.050
42.059 74.082
42.067 74.115
42.075 74.148
42.083 74.181
42.092 74.214
42.100 74.247
42.108 74.280
42.467 73.699
42.475 73.732
42.483 73.765
42.491 73.797
42.499 73.830
42.508 73.862
42.516 73.895
42.524 73.928
42.532 73.960
42.541 73.993
42.549 74.025
42.557 74.058
42.565 74.090
42.574 74.123
42.582 74.155
42.590 74.188
42.598 74.220
42.606 74.253
42.615 74.285
42.623 74.317
42.981 73.744
42.990 73.776
42.998 73.808
43.006 73.840
43.014 73.873
43.023 73.905
43.031 73.937
43.039 73.969
43.047 74.001
43.055 74.033
43.064 74.065
43.072 74.098
43.080 74.130
43.088 74.162
43.097 74.194
43.105 74.226
43.113 74.258
43.121 74.290
43.130 74.322
43.138 74.354
43.496 73.787
43.505 73.819
43.513 73.851
43.521 73.882
43.529 73.914
43.537 73.946
43.546 73.978
43.554 74.010
43.562 74.041
43.570 74.073
43.578 74.105
43.587 74.137
43.595 74.168
43.603 74.200
43.611 74.232
43.620 74.263
43.628 74.295
43.636 74.327
43.644 74.358
43.653 74.390
44.011 73.829
44.019 73.861
44.028 73.892
44.036 73.924
44.044 73.955
44.052 73.986
44.060 74.018
44.069 74.049
44.077 74.081
44.085 74.112
44.093 74.143
44.102 74.175
44.110 74.206
44.118 74.237
44.126 74.269
44.134 74.300
44.143 74.331
44.151 74.363
44.159 74.394
44.167 74.425
44.526 73.870
44.534 73.902
44.542 73.933
44.550 73.964
44.559 73.995
44.567 74.026
44.575 74.057
44.583 74.088
44.592 74.119
44.600 74.150
44.608 74.181
44.616 74.212
44.624 74.243
44.633 74.274
44.641 74.305
44.649 74.336
44.657 74.367
44.666 74.397
44.674 74.428
44.682 74.459
45.041 73.911
45.049 73.942
45.057 73.972
45.065 74.003
45.074 74.034
45.082 74.064
45.090 74.095
45.098 74.126
45.106 74.156
45.115 74.187
45.123 74.217
45.131 74.248
45.139 74.279
45.148 74.309
45.156 74.340
45.164 74.370
45.172 74.401
45.180 74.432
45.189 74.462
45.197 74.493
45.555 73.950
45.564 73.981
45.572 74.011
45.580 74.041
45.588 74.072
45.596 74.102
45.605 74.132
45.613 74.162
45.621 74.193
45.629 74.223
45.638 74.253
45.646 74.284
45.654 74.314
45.662 74.344
45.670 74.374
45.679 74.405
45.687 74.435
45.695 74.465
45.703 74.495
45.712 74.525
46.070 73.989
46.078 74.019
46.087 74.049
46.095 74.079
46.103 74.109
46.111 74.139
46.120 74.169
46.128 74.199
46.136 74.229
46.144 74.259
46.152 74.289
46.161 74.318
46.169 74.348
46.177 74.378
46.185 74.408
46.194 74.438
46.202 74.468
46.210 74.498
46.218 74.528
46.227 74.557
46.585 74.026
46.593 74.056
46.601 74.086
46.610 74.115
46.618 74.145
46.626 74.175
46.634 74.204
46.643 74.234
46.651 74.264
46.659 74.293
46.667 74.323
46.675 74.352
46.684 74.382
46.692 74.411
46.700 74.441
46.708 74.471
46.717 74.500
46.725 74.530
46.733 74.559
46.741 74.589
47.100 74.063
47.108 74.093
47.116 74.122
47.124 74.151
47.133 74.181
47.141 74.210
47.149 74.239
47.157 74.268
47.166 74.298
47.174 74.327
47.182 74.356
47.190 74.385
47.199 74.415
47.207 74.444
47.215 74.473
47.223 74.502
47.231 74.532
47.240 74.561
47.248 74.590
47.256 74.619
47.615 74.099
47.623 74.128
47.631 74.157
47.639 74.186
47.648 74.215
47.656 74.244
47.664 74.273
47.672 74.302
47.680 74.331
47.689 74.360
47.697 74.389
47.705 74.418
47.713 74.447
47.721 74.476
47.730 74.505
47.738 74.534
47.746 74.563
47.754 74.591
47.763 74.620
47.771 74.649
48.129 74.134
48.138 74.163
48.146 74.192
48.154 74.221
48.162 74.249
48.170 74.278
48.179 74.307
48.187 74.335
48.195 74.364
48.203 74.393
48.212 74.421
48.220 74.450
48.228 74.478
48.236 74.507
48.245 74.536
48.253 74.564
48.261 74.593
48.269 74.621
48.277 74.650
48.286 74.679
48.644 74.169
48.652 74.197
48.661 74.226
48.669 74.254
48.677 74.283
48.685 74.311
48.694 74.339
48.702 74.368
48.710 74.396
48.718 74.424
48.726 74.453
48.735 74.481
48.743 74.509
48.751 74.538
48.759 74.566
48.767 74.594
48.776 74.622
48.784 74.651
48.792 74.679
48.800 74.707
49.159 74.203
49.167 74.231
49.175 74.259
49.184 74.287
49.192 74.315
49.200 74.343
49.208 74.371
49.217 74.399
49.225 74.427
49.233 74.455
49.241 74.483
49.249 74.512
49.258 74.539
49.266 74.567
49.274 74.595
49.282 74.623
49.291 74.651
49.299 74.679
49.307 74.707
49.315 74.735
49.674 74.236
49.682 74.264
49.690 74.292
49.698 74.319
49.707 74.347
49.715 74.375
49.723 74.403
49.731 74.430
49.740 74.458
49.748 74.486
49.756 74.514
49.764 74.541
49.773 74.569
49.781 74.597
49.789 74.624
49.797 74.652
49.805 74.680
49.814 74.707
49.822 74.735
49.830 74.763
50.189 74.268
50.197 74.296
50.205 74.323
50.213 74.351
50.221 74.378
50.230 74.406
50.238 74.433
50.246 74.461
50.254 74.488
50.263 74.516
50.271 74.543
50.279 74.571
50.287 74.598
50.295 74.625
50.304 74.653
50.312 74.680
50.320 74.708
50.328 74.735
50.337 74.762
50.345 74.790
50.703 74.300
50.712 74.327
50.720 74.355
50.728 74.382
50.736 74.409
50.745 74.436
50.753 74.463
50.761 74.491
50.769 74.518
50.777 74.545
50.786 74.572
50.794 74.599
50.802 74.626
50.810 74.653
50.819 74.681
50.827 74.708
50.835 74.735
50.843 74.762
50.851 74.789
50.860 74.816
51.218 74.331
51.226 74.358
51.235 74.385
51.243 74.412
51.251 74.439
51.259 74.466
51.267 74.493
51.276 74.520
51.284 74.547
51.292 74.574
51.300 74.600
51.309 74.627
51.317 74.654
51.325 74.681
51.333 74.708
51.342 74.735
51.350 74.762
51.358 74.788
51.366 74.815
51.374 74.842
51.733 74.362
51.741 74.388
51.749 74.415
51.758 74.442
51.766 74.468
51.774 74.495
51.782 74.522
51.791 74.548
51.799 74.575
51.807 74.602
51.815 74.628
51.823 74.655
51.832 74.681
51.840 74.708
51.848 74.735
51.856 74.761
51.864 74.788
51.873 74.814
51.881 74.841
51.889 74.867
52.248 74.392
52.256 74.418
52.264 74.444
52.272 74.471
52.281 74.497
52.289 74.524
52.297 74.550
52.305 74.576
52.313 74.603
52.322 74.629
52.330 74.655
52.338 74.682
52.346 74.708
52.355 74.734
52.363 74.761
52.371 74.787
52.379 74.813
52.388 74.840
52.396 74.866
52.404 74.892
52.763 74.421
52.771 74.447
52.779 74.473
52.787 74.499
52.795 74.526
52.804 74.552
52.812 74.578
52.820 74.604
52.828 74.630
52.837 74.656
52.845 74.682
52.853 74.708
52.861 74.734
52.870 74.760
52.878 74.786
52.886 74.812
52.894 74.839
52.902 74.864
52.911 74.890
52.919 74.917
53.277 74.450
53.286 74.476
53.294 74.502
53.302 74.527
53.310 74.553
53.319 74.579
53.327 74.605
53.335 74.631
53.343 74.657
53.351 74.682
53.360 74.708
53.368 74.734
53.376 74.760
53.384 74.786
53.392 74.812
53.401 74.837
53.409 74.863
53.417 74.889
53.425 74.915
53.434 74.940
53.792 74.478
53.800 74.504
53.809 74.529
53.817 74.555
53.825 74.581
53.833 74.606
53.842 74.632
53.850 74.657
53.858 74.683
53.866 74.708
53.874 74.734
53.883 74.760
53.891 74.785
53.899 74.811
53.907 74.836
53.916 74.862
53.924 74.887
53.932 74.913
53.940 74.938
53.948 74.964
54.307 74.506
54.315 74.531
54.323 74.556
54.332 74.582
54.340 74.607
54.348 74.632
54.356 74.658
54.364 74.683
54.373 74.709
54.381 74.734
54.389 74.759
54.397 74.785
54.406 74.810
54.414 74.835
54.422 74.860
54.430 74.886
54.438 74.911
54.447 74.936
54.455 74.962
54.463 74.987
54.822 74.533
54.830 74.558
54.838 74.583
54.846 74.608
54.855 74.633
54.863 74.659
54.871 74.684
54.879 74.709
54.888 74.734
54.896 74.759
54.904 74.784
54.912 74.809
54.920 74.834
54.929 74.859
54.937 74.884
54.945 74.909
54.953 74.934
54.962 74.959
54.970 74.984
54.978 75.009
55.337 74.559
55.345 74.584
55.353 74.609
55.361 74.634
55.369 74.659
55.378 74.684
55.386 74.709
55.394 74.734
55.402 74.759
55.410 74.783
55.419 74.808
55.427 74.833
55.435 74.858
55.443 74.883
55.452 74.908
55.460 74.932
55.468 74.957
55.476 74.982
55.485 75.007
55.493 75.032
55.851 74.586
55.859 74.610
55.868 74.635
55.876 74.660
55.884 74.684
55.892 74.709
55.901 74.734
55.909 74.758
55.917 74.783
55.925 74.808
55.934 74.832
55.942 74.857
55.950 74.881
55.958 74.906
55.967 74.930
55.975 74.955
55.983 74.980
55.991 75.004
55.999 75.029
56.008 75.053
56.366 74.611
56.374 74.636
56.383 74.660
56.391 74.685
56.399 74.709
56.407 74.734
56.416 74.758
56.424 74.782
56.432 74.807
56.440 74.831
56.448 74.855
56.457 74.880
56.465 74.904
56.473 74.929
56.481 74.953
56.489 74.977
56.498 75.002
56.506 75.026
56.514 75.050
56.522 75.075
56.881 74.636
56.889 74.661
56.897 74.685
56.906 74.709
56.914 74.733
56.922 74.758
56.930 74.782
56.938 74.806
56.947 74.830
56.955 74.854
56.963 74.878
56.971 74.903
56.980 74.927
56.988 74.951
56.996 74.975
57.004 74.999
57.013 75.023
57.021 75.047
57.029 75.072
57.037 75.096
57.396 74.661
57.404 74.685
57.412 74.709
57.420 74.733
57.429 74.757
57.437 74.781
57.445 74.805
57.453 74.829
57.462 74.853
57.470 74.877
57.478 74.901
57.486 74.925
57.494 74.949
57.503 74.973
57.511 74.997
57.519 75.021
57.527 75.045
57.535 75.068
57.544 75.092
57.552 75.116
57.910 74.686
57.919 74.709
57.927 74.733
57.935 74.757
57.943 74.781
57.952 74.804
57.960 74.828
57.968 74.852
57.976 74.876
57.984 74.899
57.993 74.923
58.001 74.947
58.009 74.971
58.017 74.994
58.026 75.018
58.034 75.042
58.042 75.065
58.050 75.089
58.059 75.113
58.067 75.136
58.425 74.709
58.434 74.733
58.442 74.757
58.450 74.780
58.458 74.804
58.466 74.827
58.475 74.851
58.483 74.874
58.491 74.898
58.499 74.921
58.508 74.945
58.516 74.968
58.524 74.992
58.532 75.015
58.540 75.039
58.549 75.062
58.557 75.086
58.565 75.109
58.573 75.133
58.582 75.156
58.940 74.733
58.948 74.756
58.956 74.780
58.965 74.803
58.973 74.826
58.981 74.850
58.989 74.873
58.998 74.896
59.006 74.920
59.014 74.943
59.022 74.966
59.031 74.990
59.039 75.013
59.047 75.036
59.055 75.060
59.063 75.083
59.072 75.106
59.080 75.129
59.088 75.153
59.096 75.176
59.455 74.756
59.463 74.779
59.471 74.802
59.480 74.825
59.488 74.849
59.496 74.872
59.504 74.895
59.513 74.918
59.521 74.941
59.529 74.964
59.537 74.987
59.545 75.010
59.554 75.034
59.562 75.057
59.570 75.080
59.578 75.103
59.587 75.126
59.595 75.149
59.603 75.172
59.611 75.195
59.970 74.779
59.978 74.802
59.986 74.825
59.994 74.847
60.003 74.870
60.011 74.893
60.019 74.916
60.027 74.939
60.035 74.962
60.044 74.985
60.052 75.008
60.060 75.031
60.068 75.054
60.077 75.077
60.085 75.100
60.093 75.122
60.101 75.145
60.109 75.168
60.118 75.191
60.126 75.214
60.484 74.801
60.493 74.824
60.501 74.847
60.509 74.869
60.517 74.892
60.526 74.915
60.534 74.937
60.542 74.960
60.550 74.983
60.559 75.006
60.567 75.028
60.575 75.051
60.583 75.074
60.591 75.096
60.600 75.119
60.608 75.142
60.616 75.164
60.624 75.187
60.633 75.210
60.641 75.232
60.999 74.823
61.008 74.845
61.016 74.868
61.024 74.891
61.032 74.913
61.040 74.936
61.049 74.958
61.057 74.981
61.065 75.003
61.073 75.026
61.081 75.048
61.090 75.071
61.098 75.093
61.106 75.116
61.114 75.138
61.123 75.161
61.131 75.183
61.139 75.206
61.147 75.228
61.156 75.251
61.514 74.844
61.522 74.867
61.531 74.889
61.539 74.912
61.547 74.934
61.555 74.956
61.563 74.979
61.572 75.001
61.580 75.023
61.588 75.046
61.596 75.068
61.605 75.090
61.613 75.112
61.621 75.135
61.629 75.157
61.637 75.179
61.646 75.202
61.654 75.224
61.662 75.246
61.670 75.269
62.029 74.866
62.037 74.888
62.045 74.910
62.053 74.932
62.062 74.954
62.070 74.976
62.078 74.999
62.086 75.021
62.095 75.043
62.103 75.065
62.111 75.087
62.119 75.109
62.128 75.131
62.136 75.154
62.144 75.176
62.152 75.198
62.160 75.220
62.169 75.242
62.177 75.264
62.185 75.286
62.544 74.886
62.552 74.908
62.560 74.930
62.568 74.952
62.577 74.974
62.585 74.996
62.593 75.018
62.601 75.040
62.609 75.062
62.618 75.084
62.626 75.106
62.634 75.128
62.642 75.150
62.651 75.172
62.659 75.194
62.667 75.216
62.675 75.238
62.684 75.260
62.692 75.282
62.700 75.304
63.059 74.907
63.067 74.929
63.075 74.951
63.083 74.972
63.091 74.994
63.100 75.016
63.108 75.038
63.116 75.060
63.124 75.081
63.133 75.103
63.141 75.125
63.149 75.147
63.157 75.168
63.165 75.190
63.174 75.212
63.182 75.234
63.190 75.255
63.198 75.277
63.206 75.299
63.215 75.321
63.573 74.927
63.581 74.949
63.590 74.970
63.598 74.992
63.606 75.014
63.614 75.035
63.623 75.057
63.631 75.078
63.639 75.100
63.647 75.122
63.656 75.143
63.664 75.165
63.672 75.186
63.680 75.208
63.688 75.230
63.697 75.251
63.705 75.273
63.713 75.294
63.721 75.316
63.730 75.337
64.088 74.947
64.096 74.968
64.105 74.990
64.113 75.011
64.121 75.033
64.129 75.054
64.137 75.076
64.146 75.097
64.154 75.119
64.162 75.140
64.170 75.161
64.178 75.183
64.187 75.204
64.195 75.226
64.203 75.247
64.211 75.268
64.220 75.290
64.228 75.311
64.236 75.332
64.244 75.354
64.603 74.967
64.611 74.988
64.619 75.009
64.627 75.030
64.636 75.052
64.644 75.073
64.652 75.094
64.660 75.115
64.669 75.137
64.677 75.158
64.685 75.179
64.693 75.200
64.701 75.222
64.710 75.243
64.718 75.264
64.726 75.285
64.734 75.307
64.743 75.328
64.751 75.349
64.759 75.370
65.118 74.986
65.126 75.007
65.134 75.028
65.142 75.049
65.150 75.070
65.159 75.091
65.167 75.112
65.175 75.133
65.183 75.155
65.192 75.176
65.200 75.197
65.208 75.218
65.216 75.239
65.225 75.260
65.233 75.281
65.241 75.302
65.249 75.323
65.257 75.344
65.266 75.365
65.274 75.386
65.632 75.005
65.641 75.026
65.649 75.046
65.657 75.067
65.665 75.088
65.674 75.109
65.682 75.130
65.690 75.151
65.698 75.172
65.707 75.193
65.715 75.214
65.723 75.235
65.731 75.256
65.739 75.277
65.748 75.297
65.756 75.318
65.764 75.339
65.772 75.360
65.781 75.381
65.789 75.402
66.147 75.023
66.156 75.044
66.164 75.065
66.172 75.086
66.180 75.106
66.188 75.127
66.197 75.148
66.205 75.169
66.213 75.189
66.221 75.210
66.230 75.231
66.238 75.252
66.246 75.272
66.254 75.293
66.262 75.314
66.271 75.334
66.279 75.355
66.287 75.376
66.295 75.397
66.303 75.417
66.662 75.042
66.670 75.062
66.678 75.083
66.687 75.103
66.695 75.124
66.703 75.145
66.711 75.165
66.720 75.186
66.728 75.206
66.736 75.227
66.744 75.248
66.752 75.268
66.761 75.289
66.769 75.309
66.777 75.330
66.785 75.350
66.794 75.371
66.802 75.392
66.810 75.412
66.818 75.433
67.177 75.060
67.185 75.080
67.193 75.100
67.201 75.121
67.210 75.141
67.218 75.162
67.226 75.182
67.234 75.203
67.243 75.223
67.251 75.244
67.259 75.264
67.267 75.284
67.275 75.305
67.284 75.325
67.292 75.346
67.300 75.366
67.308 75.386
67.317 75.407
67.325 75.427
67.333 75.448
67.692 75.077
67.700 75.098
67.708 75.118
67.716 75.138
67.725 75.159
67.733 75.179
67.741 75.199
67.749 75.219
67.757 75.240
67.766 75.260
67.774 75.280
67.782 75.300
67.790 75.321
67.799 75.341
67.807 75.361
67.815 75.381
67.823 75.402
67.831 75.422
67.840 75.442
67.848 75.462
68.206 75.095
68.215 75.115
68.223 75.135
68.231 75.155
68.239 75.175
68.248 75.196
68.256 75.216
68.264 75.236
68.272 75.256
68.280 75.276
68.289 75.296
68.297 75.316
68.305 75.336
68.313 75.357
68.322 75.377
68.330 75.397
68.338 75.417
68.346 75.437
68.354 75.457
68.363 75.477
68.721 75.112
68.729 75.132
68.738 75.152
68.746 75.172
68.754 75.192
68.762 75.212
68.771 75.232
68.779 75.252
68.787 75.272
68.795 75.292
68.803 75.312
68.812 75.332
68.820 75.352
68.828 75.372
68.836 75.392
68.845 75.412
68.853 75.432
68.861 75.451
68.869 75.471
68.877 75.491
69.236 75.129
69.244 75.149
69.252 75.169
69.261 75.189
69.269 75.208
69.277 75.228
69.285 75.248
69.294 75.268
69.302 75.288
69.310 75.308
69.318 75.327
69.326 75.347
69.335 75.367
69.343 75.387
69.351 75.407
69.359 75.426
69.368 75.446
69.376 75.466
69.384 75.486
69.392 75.505
69.751 75.146
69.759 75.166
69.767 75.185
69.775 75.205
69.784 75.225
69.792 75.244
69.800 75.264
69.808 75.284
69.817 75.303
69.825 75.323
69.833 75.343
69.841 75.362
69.850 75.382
69.858 75.402
69.866 75.421
69.874 75.441
69.882 75.460
69.891 75.480
69.899 75.500
69.907 75.519
70.266 75.162
70.274 75.182
70.282 75.202
70.290 75.221
70.299 75.241
70.307 75.260
70.315 75.280
70.323 75.299
70.331 75.319
70.340 75.338
70.348 75.358
70.356 75.377
70.364 75.397
70.373 75.416
70.381 75.436
70.389 75.455
70.397 75.475
70.405 75.494
70.414 75.514
70.422 75.533
70.780 75.179
70.789 75.198
70.797 75.217
70.805 75.237
70.813 75.256
70.822 75.276
70.830 75.295
70.838 75.314
70.846 75.334
70.854 75.353
70.863 75.373
70.871 75.392
70.879 75.411
70.887 75.431
70.895 75.450
70.904 75.469
70.912 75.489
70.920 75.508
70.928 75.527
70.937 75.547
71.295 75.195
71.303 75.214
71.312 75.233
71.320 75.252
71.328 75.272
71.336 75.291
71.344 75.310
71.353 75.329
71.361 75.349
71.369 75.368
71.377 75.387
71.386 75.406
71.394 75.426
71.402 75.445
71.410 75.464
71.418 75.483
71.427 75.502
71.435 75.522
71.443 75.541
71.451 75.560
71.810 75.210
71.818 75.230
71.826 75.249
71.835 75.268
71.843 75.287
71.851 75.306
71.859 75.325
71.868 75.344
71.876 75.363
71.884 75.382
71.892 75.402
71.900 75.421
71.909 75.440
71.917 75.459
71.925 75.478
71.933 75.497
71.942 75.516
71.950 75.535
71.958 75.554
71.966 75.573
72.325 75.226
72.333 75.245
72.341 75.264
72.350 75.283
72.358 75.302
72.366 75.321
72.374 75.340
72.382 75.359
72.391 75.378
72.399 75.397
72.407 75.416
72.415 75.435
72.424 75.454
72.432 75.473
72.440 75.491
72.448 75.510
72.456 75.529
72.465 75.548
72.473 75.567
72.481 75.586
72.840 75.241
72.848 75.260
72.856 75.279
72.864 75.298
72.873 75.317
72.881 75.336
72.889 75.354
72.897 75.373
72.905 75.392
72.914 75.411
72.922 75.430
72.930 75.449
72.938 75.467
72.947 75.486
72.955 75.505
72.963 75.524
72.971 75.542
72.979 75.561
72.988 75.580
72.996 75.599
73.354 75.256
73.363 75.275
73.371 75.294
73.379 75.313
73.387 75.331
73.395 75.350
73.404 75.369
73.412 75.387
73.420 75.406
73.428 75.425
73.437 75.443
73.445 75.462
73.453 75.481
73.461 75.499
73.469 75.518
73.478 75.537
73.486 75.555
73.494 75.574
73.502 75.593
73.511 75.611
73.869 75.271
73.877 75.290
73.886 75.309
73.894 75.327
73.902 75.346
73.910 75.364
73.918 75.383
73.927 75.401
73.935 75.420
73.943 75.438
73.951 75.457
73.960 75.476
73.968 75.494
73.976 75.513
73.984 75.531
73.993 75.550
74.001 75.568
74.009 75.587
74.017 75.605
74.025 75.624
74.384 75.286
74.392 75.305
74.400 75.323
74.409 75.341
74.417 75.360
74.425 75.378
74.433 75.397
74.442 75.415
74.450 75.434
74.458 75.452
74.466 75.470
74.474 75.489
74.483 75.507
74.491 75.526
74.499 75.544
74.507 75.563
74.516 75.581
74.524 75.599
74.532 75.618
74.540 75.636
74.899 75.301
74.907 75.319
74.915 75.337
74.923 75.356
74.932 75.374
74.940 75.392
74.948 75.411
74.956 75.429
74.965 75.447
74.973 75.465
74.981 75.484
74.989 75.502
74.997 75.520
75.006 75.539
75.014 75.557
75.022 75.575
75.030 75.593
75.039 75.612
75.047 75.630
75.055 75.648
75.414 75.315
75.422 75.333
75.430 75.351
75.438 75.370
75.446 75.388
75.455 75.406
75.463 75.424
75.471 75.442
75.479 75.460
75.488 75.479
75.496 75.497
75.504 75.515
75.512 75.533
75.520 75.551
75.529 75.569
75.537 75.588
75.545 75.606
75.553 75.624
75.562 75.642
75.570 75.660
75.928 75.329
75.937 75.347
75.945 75.365
75.953 75.383
75.961 75.401
75.969 75.419
75.978 75.437
75.986 75.456
75.994 75.474
76.002 75.492
76.011 75.510
76.019 75.528
76.027 75.546
76.035 75.564
76.043 75.582
76.052 75.600
76.060 75.618
76.068 75.636
76.076 75.654
76.085 75.672
76.443 75.343
76.451 75.361
76.460 75.379
76.468 75.397
76.476 75.415
76.484 75.433
76.493 75.451
76.501 75.469
76.509 75.487
76.517 75.504
76.525 75.522
76.534 75.540
76.542 75.558
76.550 75.576
76.558 75.594
76.567 75.612
76.575 75.630
76.583 75.648
76.591 75.666
76.599 75.683
76.958 75.357
76.966 75.375
76.974 75.392
76.983 75.410
76.991 75.428
76.999 75.446
77.007 75.464
77.016 75.481
77.024 75.499
77.032 75.517
77.040 75.535
77.048 75.553
77.057 75.570
77.065 75.588
77.073 75.606
77.081 75.624
77.090 75.642
77.098 75.659
77.106 75.677
77.114 75.695
77.473 75.370
77.481 75.388
77.489 75.406
77.497 75.423
77.506 75.441
77.514 75.459
77.522 75.476
77.530 75.494
77.538 75.512
77.547 75.529
77.555 75.547
77.563 75.565
77.571 75.583
77.580 75.600
77.588 75.618
77.596 75.636
77.604 75.653
77.612 75.671
77.621 75.688
77.629 75.706
77.987 75.384
77.996 75.401
78.004 75.419
78.012 75.436
78.020 75.454
78.029 75.472
78.037 75.489
78.045 75.507
78.053 75.524
78.061 75.542
78.070 75.559
78.078 75.577
78.086 75.595
78.094 75.612
78.103 75.630
78.111 75.647
78.119 75.665
78.127 75.682
78.136 75.700
78.144 75.717
78.502 75.397
78.510 75.414
78.519 75.432
78.527 75.449
78.535 75.467
78.543 75.484
78.552 75.502
78.560 75.519
78.568 75.537
78.576 75.554
78.585 75.571
78.593 75.589
78.601 75.606
78.609 75.624
78.618 75.641
78.626 75.659
78.634 75.676
78.642 75.693
78.650 75.711
78.659 75.728
79.017 75.410
79.025 75.427
79.034 75.445
79.042 75.462
79.050 75.479
79.058 75.497
79.067 75.514
79.075 75.531
79.083 75.549
79.091 75.566
79.099 75.583
79.108 75.601
79.116 75.618
79.124 75.635
79.132 75.653
79.141 75.670
79.149 75.687
79.157 75.705
79.165 75.722
79.173 75.739
79.532 75.423
79.540 75.440
79.548 75.457
79.557 75.474
79.565 75.492
79.573 75.509
79.581 75.526
79.590 75.543
79.598 75.561
79.606 75.578
79.614 75.595
79.622 75.612
79.631 75.629
79.639 75.647
79.647 75.664
79.655 75.681
79.663 75.698
79.672 75.716
79.680 75.733
79.688 75.750
80.047 75.435
80.055 75.453
80.063 75.470
80.071 75.487
80.080 75.504
80.088 75.521
80.096 75.538
80.104 75.555
80.112 75.572
80.121 75.590
80.129 75.607
80.137 75.624
80.145 75.641
80.154 75.658
80.162 75.675
80.170 75.692
80.178 75.709
80.186 75.726
80.195 75.743
80.203 75.760
80.561 75.448
80.570 75.465
80.578 75.482
80.586 75.499
80.594 75.516
80.603 75.533
80.611 75.550
80.619 75.567
80.627 75.584
80.635 75.601
80.644 75.618
80.652 75.635
80.660 75.652
80.668 75.669
80.677 75.686
80.685 75.703
80.693 75.720
80.701 75.737
80.710 75.754
80.718 75.771
81.076 75.460
81.085 75.477
81.093 75.494
81.101 75.511
81.109 75.528
81.117 75.545
81.126 75.562
81.134 75.579
81.142 75.596
81.150 75.612
81.159 75.629
81.167 75.646
81.175 75.663
81.183 75.680
81.191 75.697
81.200 75.714
81.208 75.731
81.216 75.747
81.224 75.764
81.233 75.781
81.591 75.473
81.599 75.489
81.608 75.506
81.616 75.523
81.624 75.540
81.632 75.557
81.640 75.573
81.649 75.590
81.657 75.607
81.665 75.624
81.673 75.641
81.682 75.657
81.690 75.674
81.698 75.691
81.706 75.708
81.715 75.724
81.723 75.741
81.731 75.758
81.739 75.775
81.747 75.791
82.106 75.485
82.114 75.501
82.122 75.518
82.131 75.535
82.139 75.551
82.147 75.568
82.155 75.585
82.163 75.601
82.172 75.618
82.180 75.635
82.188 75.652
82.196 75.668
82.205 75.685
82.213 75.702
82.221 75.718
82.229 75.735
82.237 75.751
82.246 75.768
82.254 75.785
82.262 75.801
82.621 75.497
82.629 75.513
82.637 75.530
82.645 75.546
82.654 75.563
82.662 75.580
82.670 75.596
82.678 75.613
82.686 75.629
82.695 75.646
82.703 75.662
82.711 75.679
82.719 75.695
82.728 75.712
82.736 75.729
82.744 75.745
82.752 75.762
82.760 75.778
82.769 75.795
82.777 75.811
83.135 75.508
83.144 75.525
83.152 75.541
83.160 75.558
83.168 75.574
83.177 75.591
83.185 75.607
83.193 75.624
83.201 75.640
83.210 75.657
83.218 75.673
83.226 75.690
83.234 75.706
83.242 75.722
83.251 75.739
83.259 75.755
83.267 75.772
83.275 75.788
83.284 75.805
83.292 75.821
83.650 75.520
83.659 75.536
83.667 75.553
83.675 75.569
83.683 75.585
83.691 75.602
83.700 75.618
83.708 75.635
83.716 75.651
83.724 75.667
83.733 75.684
83.741 75.700
83.749 75.716
83.757 75.733
83.765 75.749
83.774 75.765
83.782 75.782
83.790 75.798
83.798 75.814
83.806 75.831
84.165 75.531
84.173 75.548
84.181 75.564
84.190 75.580
84.198 75.597
84.206 75.613
84.214 75.629
84.223 75.645
84.231 75.662
84.239 75.678
84.247 75.694
84.255 75.710
84.264 75.727
84.272 75.743
84.280 75.759
84.288 75.775
84.297 75.792
84.305 75.808
84.313 75.824
84.321 75.840
84.680 75.543
84.688 75.559
84.696 75.575
84.704 75.591
84.713 75.607
84.721 75.624
84.729 75.640
84.737 75.656
84.746 75.672
84.754 75.688
84.762 75.705
84.770 75.721
84.779 75.737
84.787 75.753
84.795 75.769
84.803 75.785
84.811 75.801
84.820 75.818
84.828 75.834
84.836 75.850
85.195 75.554
85.203 75.570
85.211 75.586
85.219 75.602
85.228 75.618
85.236 75.634
85.244 75.650
85.252 75.667
85.260 75.683
85.269 75.699
85.277 75.715
85.285 75.731
85.293 75.747
85.302 75.763
85.310 75.779
85.318 75.795
85.326 75.811
85.335 75.827
85.343 75.843
85.351 75.859
85.710 75.565
85.718 75.581
85.726 75.597
85.734 75.613
85.742 75.629
85.751 75.645
85.759 75.661
85.767 75.677
85.775 75.693
85.784 75.709
85.792 75.725
85.800 75.741
85.808 75.757
85.816 75.773
85.825 75.789
85.833 75.805
85.841 75.821
85.849 75.836
85.858 75.852
85.866 75.868
86.224 75.576
86.233 75.592
86.241 75.608
86.249 75.624
86.257 75.640
86.265 75.655
86.274 75.671
86.282 75.687
86.290 75.703
86.298 75.719
86.306 75.735
86.315 75.751
86.323 75.767
86.331 75.782
86.339 75.798
86.348 75.814
86.356 75.830
86.364 75.846
86.372 75.862
86.380 75.877
86.739 75.587
86.747 75.603
86.755 75.618
86.764 75.634
86.772 75.650
86.780 75.666
86.788 75.682
86.797 75.697
86.805 75.713
86.813 75.729
86.821 75.745
86.829 75.760
86.838 75.776
86.846 75.792
86.854 75.808
86.862 75.823
86.871 75.839
86.879 75.855
86.887 75.871
86.895 75.886
87.254 75.597
87.262 75.613
87.270 75.629
87.278 75.645
87.287 75.660
87.295 75.676
87.303 75.692
87.311 75.707
87.320 75.723
87.328 75.739
87.336 75.754
87.344 75.770
87.353 75.786
87.361 75.801
87.369 75.817
87.377 75.833
87.385 75.848
87.394 75.864
87.402 75.880
87.410 75.895
87.769 75.608
87.777 75.624
87.785 75.639
87.793 75.655
87.802 75.671
87.810 75.686
87.818 75.702
87.826 75.717
87.834 75.733
87.843 75.748
87.851 75.764
87.859 75.780
87.867 75.795
87.876 75.811
87.884 75.826
87.892 75.842
87.900 75.858
87.909 75.873
87.917 75.889
87.925 75.904
88.283 75.619
88.292 75.634
88.300 75.650
88.308 75.665
88.316 75.681
88.325 75.696
88.333 75.712
88.341 75.727
88.349 75.743
88.358 75.758
88.366 75.774
88.374 75.789
88.382 75.805
88.390 75.820
88.399 75.835
88.407 75.851
88.415 75.866
88.423 75.882
88.431 75.897
88.440 75.913
88.798 75.629
88.806 75.644
88.815 75.660
88.823 75.675
88.831 75.691
88.839 75.706
88.848 75.721
88.856 75.737
88.864 75.752
88.872 75.768
88.880 75.783
88.889 75.798
88.897 75.814
88.905 75.829
88.913 75.845
88.922 75.860
88.930 75.875
88.938 75.891
88.946 75.906
88.954 75.921
89.313 75.639
89.321 75.654
89.329 75.670
89.338 75.685
89.346 75.700
89.354 75.716
89.362 75.731
89.371 75.746
89.379 75.762
89.387 75.777
89.395 75.792
89.403 75.808
89.412 75.823
89.420 75.838
89.428 75.853
89.436 75.869
89.445 75.884
89.453 75.899
89.461 75.915
89.469 75.930
89.828 75.649
89.836 75.664
89.844 75.680
89.853 75.695
89.861 75.710
89.869 75.725
89.877 75.740
89.885 75.756
89.894 75.771
89.902 75.786
89.910 75.801
89.918 75.817
89.927 75.832
89.935 75.847
89.943 75.862
89.951 75.878
89.959 75.893
89.968 75.908
89.976 75.923
89.984 75.938
90.343 75.659
90.351 75.674
90.359 75.689
90.367 75.704
90.376 75.720
90.384 75.735
90.392 75.750
90.400 75.765
90.408 75.780
90.417 75.795
90.425 75.810
90.433 75.826
90.441 75.841
90.450 75.856
90.458 75.871
90.466 75.886
90.474 75.901
90.482 75.916
90.491 75.931
90.499 75.947
90.857 75.669
90.866 75.684
90.874 75.699
90.882 75.714
90.890 75.729
90.898 75.744
90.907 75.759
90.915 75.774
90.923 75.789
90.931 75.804
90.940 75.819
90.948 75.835
90.956 75.850
90.964 75.865
90.973 75.880
90.981 75.895
90.989 75.910
90.997 75.925
91.005 75.940
91.014 75.955
91.372 75.679
91.380 75.694
91.389 75.709
91.397 75.724
91.405 75.739
91.413 75.754
91.422 75.768
91.430 75.783
91.438 75.798
91.446 75.813
91.454 75.828
91.463 75.843
91.471 75.858
91.479 75.873
91.487 75.888
91.496 75.903
91.504 75.918
91.512 75.933
91.520 75.948
91.528 75.963
91.887 75.688
91.895 75.703
91.903 75.718
91.912 75.733
91.920 75.748
91.928 75.763
91.936 75.778
91.945 75.792
91.953 75.807
91.961 75.822
91.969 75.837
91.978 75.852
91.986 75.867
91.994 75.882
92.002 75.897
92.010 75.912
92.019 75.926
92.027 75.941
92.035 75.956
92.043 75.971
92.402 75.698
92.410 75.713
92.418 75.727
92.427 75.742
92.435 75.757
92.443 75.772
92.451 75.787
92.459 75.801
92.468 75.816
92.476 75.831
92.484 75.846
92.492 75.861
92.501 75.875
92.509 75.890
92.517 75.905
92.525 75.920
92.533 75.935
92.542 75.949
92.550 75.964
92.558 75.979
92.917 75.707
92.925 75.722
92.933 75.737
92.941 75.751
92.950 75.766
92.958 75.781
92.966 75.796
92.974 75.810
92.982 75.825
92.991 75.840
92.999 75.854
93.007 75.869
93.015 75.884
93.023 75.899
93.032 75.913
93.040 75.928
93.048 75.943
93.056 75.957
93.065 75.972
93.073 75.987
93.431 75.716
93.440 75.731
93.448 75.746
93.456 75.760
93.464 75.775
93.472 75.790
93.481 75.804
93.489 75.819
93.497 75.834
93.505 75.848
93.514 75.863
93.522 75.878
93.530 75.892
93.538 75.907
93.546 75.921
93.555 75.936
93.563 75.951
93.571 75.965
93.579 75.980
93.588 75.994
93.946 75.726
93.954 75.740
93.963 75.755
93.971 75.769
93.979 75.784
93.987 75.799
93.996 75.813
94.004 75.828
94.012 75.842
94.020 75.857
94.028 75.871
94.037 75.886
94.045 75.900
94.053 75.915
94.061 75.930
94.070 75.944
94.078 75.959
94.086 75.973
94.094 75.988
94.102 76.002
94.461 75.735
94.469 75.749
94.477 75.764
94.486 75.778
94.494 75.793
94.502 75.807
94.510 75.822
94.519 75.836
94.527 75.851
94.535 75.865
94.543 75.880
94.552 75.894
94.560 75.909
94.568 75.923
94.576 75.938
94.584 75.952
94.593 75.966
94.601 75.981
94.609 75.995
94.617 76.010
94.976 75.744
94.984 75.758
94.992 75.773
95.001 75.787
95.009 75.801
95.017 75.816
95.025 75.830
95.033 75.845
95.042 75.859
95.050 75.873
95.058 75.888
95.066 75.902
95.075 75.917
95.083 75.931
95.091 75.945
95.099 75.960
95.107 75.974
95.116 75.989
95.124 76.003
95.132 76.017
95.491 75.753
95.499 75.767
95.507 75.781
95.515 75.796
95.523 75.810
95.532 75.824
95.540 75.839
95.548 75.853
95.556 75.867
95.565 75.882
95.573 75.896
95.581 75.910
95.589 75.925
95.597 75.939
95.606 75.953
95.614 75.968
95.622 75.982
95.630 75.996
95.639 76.010
95.647 76.025
96.005 75.762
96.014 75.776
96.022 75.790
96.030 75.804
96.038 75.819
96.046 75.833
96.055 75.847
96.063 75.861
96.071 75.876
96.079 75.890
96.088 75.904
96.096 75.918
96.104 75.932
96.112 75.947
96.121 75.961
96.129 75.975
96.137 75.989
96.145 76.004
96.153 76.018
96.162 76.032
96.520 75.770
96.528 75.784
96.537 75.799
96.545 75.813
96.553 75.827
96.561 75.841
96.570 75.855
96.578 75.870
96.586 75.884
96.594 75.898
96.602 75.912
96.611 75.926
96.619 75.940
96.627 75.954
96.635 75.969
96.644 75.983
96.652 75.997
96.660 76.011
96.668 76.025
96.676 76.039
97.035 75.779
97.043 75.793
97.051 75.807
97.060 75.821
97.068 75.835
97.076 75.849
97.084 75.864
97.093 75.878
97.101 75.892
97.109 75.906
97.117 75.920
97.125 75.934
97.134 75.948
97.142 75.962
97.150 75.976
97.158 75.990
97.167 76.004
97.175 76.018
97.183 76.032
97.191 76.047
97.550 75.787
97.558 75.801
97.566 75.816
97.574 75.830
97.583 75.844
97.591 75.858
97.599 75.872
97.607 75.886
97.616 75.900
97.624 75.914
97.632 75.928
97.640 75.942
97.648 75.956
97.657 75.970
97.665 75.984
97.673 75.998
97.681 76.012
97.690 76.026
97.698 76.040
97.706 76.054
98.065 75.796
98.073 75.810
98.081 75.824
98.089 75.838
98.097 75.852
98.106 75.866
98.114 75.880
98.122 75.894
98.130 75.907
98.139 75.921
98.147 75.935
98.155 75.949
98.163 75.963
98.171 75.977
98.180 75.991
98.188 76.005
98.196 76.019
98.204 76.033
98.213 76.047
98.221 76.061
98.579 75.804
98.588 75.818
98.596 75.832
98.604 75.846
98.612 75.860
98.621 75.874
98.629 75.888
98.637 75.901
98.645 75.915
98.653 75.929
98.662 75.943
98.670 75.957
98.678 75.971
98.686 75.985
98.695 75.998
98.703 76.012
98.711 76.026
98.719 76.040
98.727 76.054
98.736 76.068
99.094 75.813
99.102 75.826
99.111 75.840
99.119 75.854
99.127 75.868
99.135 75.882
99.144 75.895
99.152 75.909
99.160 75.923
99.168 75.937
99.176 75.951
99.185 75.964
99.193 75.978
99.201 75.992
99.209 76.006
99.218 76.019
99.226 76.033
99.234 76.047
99.242 76.061
99.250 76.075
99.609 75.821
99.617 75.834
99.625 75.848
99.634 75.862
99.642 75.876
99.650 75.889
99.658 75.903
99.666 75.917
99.675 75.931
99.683 75.944
99.691 75.958
99.699 75.972
99.708 75.985
99.716 75.999
99.724 76.013
99.732 76.027
99.740 76.040
99.749 76.054
99.757 76.068
99.765 76.081
