0.253 0.154
0.764 1.380
0.768 2.694
1.275 2.420
1.279 3.206
1.283 3.987
1.288 4.763
1.786 4.003
1.790 4.561
1.794 5.116
1.798 5.669
1.803 6.219
1.807 6.767
1.811 7.312
1.815 7.854
2.297 6.650
2.301 7.080
2.305 7.507
2.309 7.933
2.313 8.358
2.318 8.781
2.322 9.202
2.326 9.622
2.330 10.041
2.335 10.457
2.339 10.873
2.343 11.287
2.347 11.699
2.352 12.110
2.356 12.520
2.360 12.928
2.807 11.229
2.812 11.573
2.816 11.917
2.820 12.259
2.824 12.600
2.829 12.940
2.833 13.280
2.837 13.618
2.841 13.955
2.845 14.291
2.850 14.627
2.854 14.961
2.858 15.294
2.862 15.626
2.866 15.958
2.871 16.288
2.875 16.617
2.879 16.945
2.883 17.273
2.888 17.599
3.318 15.622
3.322 15.908
3.327 16.193
3.331 16.477
3.335 16.761
3.339 17.044
3.344 17.326
3.348 17.608
3.352 17.888
3.356 18.168
3.360 18.448
3.365 18.727
3.369 19.004
3.373 19.282
3.377 19.558
3.381 19.834
3.386 20.109
3.390 20.384
3.394 20.658
3.398 20.931
3.829 18.843
3.833 19.087
3.837 19.331
3.842 19.574
3.846 19.816
3.850 20.058
3.854 20.300
3.858 20.541
3.863 20.781
3.867 21.021
3.871 21.261
3.875 21.500
3.880 21.738
3.884 21.976
3.888 22.213
3.892 22.450
3.897 22.686
3.901 22.922
3.905 23.157
3.909 23.392
4.340 21.305
4.344 21.519
4.348 21.731
4.352 21.944
4.357 22.155
4.361 22.367
4.365 22.578
4.369 22.789
4.374 22.998
4.378 23.208
4.382 23.418
4.386 23.627
4.391 23.835
4.395 24.044
4.399 24.251
4.403 24.459
4.407 24.666
4.412 24.872
4.416 25.079
4.420 25.285
4.851 23.249
4.855 23.438
4.859 23.627
4.863 23.816
4.867 24.003
4.872 24.191
4.876 24.379
4.880 24.566
4.884 24.752
4.889 24.938
4.893 25.125
4.897 25.310
4.901 25.496
4.905 25.681
4.910 25.866
4.914 26.050
4.918 26.234
4.922 26.418
4.927 26.601
4.931 26.785
5.361 24.823
5.366 24.993
5.370 25.162
5.374 25.332
5.378 25.500
5.383 25.669
5.387 25.838
5.391 26.006
5.395 26.174
5.399 26.341
5.404 26.509
5.408 26.676
5.412 26.843
5.416 27.009
5.420 27.175
5.425 27.342
5.429 27.508
5.433 27.673
5.437 27.838
5.442 28.003
5.872 26.123
5.876 26.277
5.881 26.431
5.885 26.585
5.889 26.738
5.893 26.891
5.897 27.044
5.902 27.197
5.906 27.350
5.910 27.501
5.914 27.654
5.919 27.806
5.923 27.957
5.927 28.108
5.931 28.260
5.936 28.411
5.940 28.562
5.944 28.712
5.948 28.862
5.952 29.013
6.383 27.215
6.387 27.356
6.391 27.497
6.396 27.637
6.400 27.778
6.404 27.918
6.408 28.058
6.412 28.198
6.417 28.338
6.421 28.477
6.425 28.617
6.429 28.756
6.434 28.895
6.438 29.033
6.442 29.172
6.446 29.311
6.450 29.449
6.455 29.587
6.459 29.725
6.463 29.863
6.894 28.145
6.898 28.275
6.902 28.405
6.906 28.534
6.911 28.664
6.915 28.793
6.919 28.922
6.923 29.052
6.928 29.181
6.932 29.309
6.936 29.438
6.940 29.566
6.944 29.695
6.949 29.822
6.953 29.950
6.957 30.078
6.961 30.206
6.965 30.334
6.970 30.461
6.974 30.588
7.404 28.947
7.409 29.067
7.413 29.188
7.417 29.308
7.421 29.428
7.426 29.548
7.430 29.668
7.434 29.788
7.438 29.907
7.443 30.027
7.447 30.146
7.451 30.265
7.455 30.385
7.459 30.504
7.464 30.622
7.468 30.741
7.472 30.860
7.476 30.978
7.481 31.096
7.485 31.214
7.915 29.645
7.920 29.757
7.924 29.869
7.928 29.982
7.932 30.094
7.936 30.206
7.941 30.318
7.945 30.429
7.949 30.541
7.953 30.653
7.958 30.764
7.962 30.875
7.966 30.986
7.970 31.097
7.974 31.208
7.979 31.319
7.983 31.429
7.987 31.540
7.991 31.650
7.996 31.761
8.426 30.258
8.430 30.364
8.435 30.469
8.439 30.574
8.443 30.679
8.447 30.784
8.451 30.889
8.456 30.993
8.460 31.098
8.464 31.203
8.468 31.307
8.473 31.411
8.477 31.515
8.481 31.619
8.485 31.723
8.489 31.827
8.494 31.931
8.498 32.035
8.502 32.138
8.506 32.241
8.937 30.802
8.941 30.901
8.945 31.000
8.950 31.099
8.954 31.197
8.958 31.296
8.962 31.395
8.966 31.493
8.971 31.592
8.975 31.690
8.979 31.788
8.983 31.886
8.988 31.984
8.992 32.082
8.996 32.180
9.000 32.278
9.005 32.375
9.009 32.473
9.013 32.570
9.017 32.668
9.448 31.287
9.452 31.380
9.456 31.473
9.460 31.567
9.465 31.660
9.469 31.753
9.473 31.846
9.477 31.939
9.482 32.032
9.486 32.125
9.490 32.217
9.494 32.310
9.498 32.403
9.503 32.495
9.507 32.587
9.511 32.680
9.515 32.772
9.520 32.864
9.524 32.956
9.528 33.048
9.959 31.721
9.963 31.810
9.967 31.898
9.971 31.987
9.975 32.075
9.980 32.163
9.984 32.251
9.988 32.339
9.992 32.427
9.996 32.515
10.001 32.603
10.005 32.691
10.009 32.778
10.013 32.866
10.018 32.954
10.022 33.041
10.026 33.128
10.030 33.216
10.034 33.303
10.039 33.390
10.469 32.114
10.473 32.198
10.478 32.282
10.482 32.366
10.486 32.450
10.490 32.533
10.495 32.617
10.499 32.701
10.503 32.784
10.507 32.868
10.511 32.951
10.516 33.034
10.520 33.118
10.524 33.201
10.528 33.284
10.533 33.367
10.537 33.450
10.541 33.533
10.545 33.616
10.550 33.699
10.980 32.470
10.984 32.550
10.989 32.630
10.993 32.710
10.997 32.789
11.001 32.869
11.005 32.949
11.010 33.028
11.014 33.108
11.018 33.188
11.022 33.267
11.027 33.346
11.031 33.426
11.035 33.505
11.039 33.584
11.043 33.663
11.048 33.742
11.052 33.821
11.056 33.900
11.060 33.979
11.491 32.794
11.495 32.871
11.499 32.947
11.504 33.023
11.508 33.099
11.512 33.175
11.516 33.251
11.521 33.327
11.525 33.403
11.529 33.479
11.533 33.555
11.537 33.630
11.542 33.706
11.546 33.782
11.550 33.858
11.554 33.933
11.559 34.008
11.563 34.084
11.567 34.159
11.571 34.234
12.002 33.091
12.006 33.164
12.010 33.237
12.014 33.310
12.019 33.383
12.023 33.455
12.027 33.528
12.031 33.601
12.036 33.673
12.040 33.746
12.044 33.818
12.048 33.891
12.052 33.963
12.057 34.035
12.061 34.108
12.065 34.180
12.069 34.252
12.073 34.324
12.078 34.396
12.082 34.468
12.512 33.364
12.517 33.433
12.521 33.503
12.525 33.573
12.529 33.643
12.534 33.713
12.538 33.782
12.542 33.852
12.546 33.921
12.550 33.991
12.555 34.060
12.559 34.130
12.563 34.199
12.567 34.268
12.572 34.338
12.576 34.407
12.580 34.476
12.584 34.545
12.588 34.614
12.593 34.683
13.023 33.615
13.027 33.682
13.032 33.749
13.036 33.816
13.040 33.883
13.044 33.950
13.049 34.016
13.053 34.083
13.057 34.150
13.061 34.217
13.066 34.283
13.070 34.350
13.074 34.416
13.078 34.483
13.082 34.550
13.087 34.616
13.091 34.682
13.095 34.749
13.099 34.815
13.104 34.882
13.534 33.847
13.538 33.911
13.543 33.976
13.547 34.040
13.551 34.104
13.555 34.169
13.559 34.233
13.564 34.297
13.568 34.361
13.572 34.426
13.576 34.490
13.581 34.554
13.585 34.618
13.589 34.682
13.593 34.746
13.597 34.810
13.602 34.873
13.606 34.937
13.610 35.001
13.614 35.065
14.045 34.062
14.049 34.124
14.053 34.186
14.058 34.248
14.062 34.310
14.066 34.372
14.070 34.434
14.074 34.496
14.079 34.557
14.083 34.619
14.087 34.681
14.091 34.743
14.096 34.804
14.100 34.866
14.104 34.927
14.108 34.989
14.113 35.050
14.117 35.112
14.121 35.173
14.125 35.235
14.556 34.262
14.560 34.322
14.564 34.382
14.568 34.442
14.573 34.501
14.577 34.561
14.581 34.621
14.585 34.680
14.589 34.740
14.594 34.799
14.598 34.859
14.602 34.918
14.606 34.978
14.611 35.037
14.615 35.097
14.619 35.156
14.623 35.215
14.627 35.274
14.632 35.334
14.636 35.393
15.066 34.449
15.071 34.507
15.075 34.564
15.079 34.622
15.083 34.680
15.088 34.737
15.092 34.795
15.096 34.852
15.100 34.910
15.104 34.967
15.109 35.025
15.113 35.082
15.117 35.140
15.121 35.197
15.126 35.254
15.130 35.312
15.134 35.369
15.138 35.426
15.143 35.483
15.147 35.540
15.577 34.623
15.582 34.679
15.586 34.735
15.590 34.791
15.594 34.846
15.598 34.902
15.603 34.958
15.607 35.013
15.611 35.069
15.615 35.124
15.620 35.180
15.624 35.235
15.628 35.291
15.632 35.346
15.636 35.402
15.641 35.457
15.645 35.512
15.649 35.568
15.653 35.623
15.658 35.678
16.088 34.786
16.092 34.841
16.096 34.895
16.101 34.948
16.105 35.002
16.109 35.056
16.113 35.110
16.118 35.164
16.122 35.218
16.126 35.271
16.130 35.325
16.134 35.379
16.139 35.433
16.143 35.486
16.147 35.540
16.151 35.593
16.156 35.647
16.160 35.700
16.164 35.754
16.168 35.807
16.599 34.940
16.603 34.992
16.607 35.044
16.611 35.097
16.616 35.149
16.620 35.201
16.624 35.253
16.628 35.305
16.633 35.357
16.637 35.409
16.641 35.461
16.645 35.513
16.649 35.566
16.654 35.617
16.658 35.669
16.662 35.721
16.666 35.773
16.671 35.825
16.675 35.877
16.679 35.929
17.110 35.084
17.114 35.135
17.118 35.185
17.122 35.236
17.127 35.287
17.131 35.337
17.135 35.388
17.139 35.438
17.143 35.489
17.148 35.539
17.152 35.590
17.156 35.640
17.160 35.691
17.165 35.741
17.169 35.791
17.173 35.842
17.177 35.892
17.181 35.942
17.186 35.992
17.190 36.043
17.620 35.220
17.625 35.269
17.629 35.318
17.633 35.367
17.637 35.416
17.642 35.465
17.646 35.514
17.650 35.563
17.654 35.613
17.659 35.661
17.663 35.710
17.667 35.759
17.671 35.808
17.675 35.857
17.680 35.906
17.684 35.955
17.688 36.004
17.692 36.052
17.697 36.101
17.701 36.150
18.131 35.348
18.136 35.395
18.140 35.443
18.144 35.491
18.148 35.539
18.152 35.586
18.157 35.634
18.161 35.682
18.165 35.729
18.169 35.777
18.174 35.824
18.178 35.872
18.182 35.920
18.186 35.967
18.190 36.014
18.195 36.062
18.199 36.109
18.203 36.157
18.207 36.204
18.212 36.252
18.642 35.469
18.646 35.515
18.651 35.562
18.655 35.608
18.659 35.654
18.663 35.701
18.667 35.747
18.672 35.793
18.676 35.840
18.680 35.886
18.684 35.932
18.689 35.978
18.693 36.025
18.697 36.071
18.701 36.117
18.705 36.163
18.710 36.209
18.714 36.255
18.718 36.301
18.722 36.347
19.153 35.583
19.157 35.629
19.161 35.674
19.166 35.719
19.170 35.764
19.174 35.809
19.178 35.854
19.182 35.899
19.187 35.944
19.191 35.989
19.195 36.034
19.199 36.079
19.203 36.124
19.208 36.169
19.212 36.214
19.216 36.259
19.220 36.304
19.225 36.349
19.229 36.393
19.233 36.438
19.664 35.692
19.668 35.736
19.672 35.780
19.676 35.824
19.680 35.868
19.685 35.912
19.689 35.956
19.693 35.999
19.697 36.043
19.702 36.087
19.706 36.131
19.710 36.175
19.714 36.219
19.718 36.262
19.723 36.306
19.727 36.350
19.731 36.393
19.735 36.437
19.740 36.481
19.744 36.524
20.174 35.795
20.179 35.838
20.183 35.881
20.187 35.924
20.191 35.967
20.195 36.009
20.200 36.052
20.204 36.095
20.208 36.137
20.212 36.180
20.217 36.223
20.221 36.265
20.225 36.308
20.229 36.351
20.234 36.393
20.238 36.436
20.242 36.479
20.246 36.521
20.250 36.564
20.255 36.606
20.685 35.893
20.689 35.935
20.694 35.977
20.698 36.019
20.702 36.060
20.706 36.102
20.711 36.144
20.715 36.185
20.719 36.227
20.723 36.269
20.727 36.310
20.732 36.352
20.736 36.393
20.740 36.435
20.744 36.476
20.749 36.518
20.753 36.559
20.757 36.601
20.761 36.642
20.765 36.684
21.196 35.987
21.200 36.027
21.204 36.068
21.209 36.109
21.213 36.150
21.217 36.190
21.221 36.231
21.226 36.271
21.230 36.312
21.234 36.353
21.238 36.393
21.242 36.434
21.247 36.474
21.251 36.515
21.255 36.555
21.259 36.596
21.264 36.636
21.268 36.677
21.272 36.718
21.276 36.758
21.707 36.076
21.711 36.115
21.715 36.155
21.720 36.195
21.724 36.235
21.728 36.274
21.732 36.314
21.736 36.354
21.741 36.393
21.745 36.433
21.749 36.472
21.753 36.512
21.758 36.552
21.762 36.591
21.766 36.631
21.770 36.670
21.774 36.710
21.779 36.749
21.783 36.789
21.787 36.828
22.218 36.160
22.222 36.199
22.226 36.238
22.230 36.277
22.235 36.316
22.239 36.354
22.243 36.393
22.247 36.432
22.251 36.471
22.256 36.509
22.260 36.548
22.264 36.587
22.268 36.625
22.273 36.664
22.277 36.703
22.281 36.741
22.285 36.780
22.289 36.819
22.294 36.857
22.298 36.896
22.728 36.241
22.733 36.279
22.737 36.317
22.741 36.355
22.745 36.393
22.750 36.431
22.754 36.469
22.758 36.507
22.762 36.545
22.766 36.582
22.771 36.620
22.775 36.658
22.779 36.696
22.783 36.734
22.788 36.771
22.792 36.809
22.796 36.847
22.800 36.885
22.804 36.922
22.809 36.960
23.239 36.319
23.243 36.356
23.248 36.393
23.252 36.430
23.256 36.467
23.260 36.504
23.265 36.541
23.269 36.578
23.273 36.615
23.277 36.652
23.281 36.689
23.286 36.726
23.290 36.763
23.294 36.800
23.298 36.837
23.303 36.874
23.307 36.911
23.311 36.948
23.315 36.985
23.320 37.021
23.750 36.393
23.754 36.429
23.758 36.466
23.763 36.502
23.767 36.538
23.771 36.574
23.775 36.611
23.780 36.647
23.784 36.683
23.788 36.719
23.792 36.755
23.797 36.791
23.801 36.828
23.805 36.864
23.809 36.900
23.813 36.936
23.818 36.972
23.822 37.008
23.826 37.044
23.830 37.080
24.261 36.464
24.265 36.500
24.269 36.535
24.273 36.571
24.278 36.606
24.282 36.642
24.286 36.677
24.290 36.712
24.295 36.748
24.299 36.783
24.303 36.819
24.307 36.854
24.311 36.889
24.316 36.925
24.320 36.960
24.324 36.996
24.328 37.031
24.333 37.066
24.337 37.101
24.341 37.137
24.772 36.532
24.776 36.567
24.780 36.602
24.784 36.636
24.788 36.671
24.793 36.706
24.797 36.741
24.801 36.775
24.805 36.810
24.810 36.845
24.814 36.879
24.818 36.914
24.822 36.949
24.826 36.983
24.831 37.018
24.835 37.053
24.839 37.087
24.843 37.122
24.848 37.156
24.852 37.191
25.282 36.598
25.287 36.632
25.291 36.666
25.295 36.700
25.299 36.734
25.303 36.768
25.308 36.802
25.312 36.836
25.316 36.870
25.320 36.904
25.325 36.938
25.329 36.972
25.333 37.005
25.337 37.039
25.341 37.073
25.346 37.107
25.350 37.141
25.354 37.175
25.358 37.209
25.363 37.243
25.793 36.660
25.797 36.694
25.802 36.727
25.806 36.760
25.810 36.794
25.814 36.827
25.819 36.860
25.823 36.894
25.827 36.927
25.831 36.960
25.835 36.994
25.840 37.027
25.844 37.060
25.848 37.093
25.852 37.126
25.857 37.160
25.861 37.193
25.865 37.226
25.869 37.259
25.873 37.292
26.304 36.721
26.308 36.753
26.312 36.786
26.317 36.819
26.321 36.851
26.325 36.884
26.329 36.917
26.334 36.949
26.338 36.982
26.342 37.015
26.346 37.047
26.350 37.080
26.355 37.112
26.359 37.145
26.363 37.178
26.367 37.210
26.372 37.243
26.376 37.275
26.380 37.308
26.384 37.340
26.815 36.779
26.819 36.811
26.823 36.843
26.827 36.875
26.832 36.907
26.836 36.939
26.840 36.971
26.844 37.003
26.849 37.035
26.853 37.067
26.857 37.099
26.861 37.131
26.866 37.163
26.870 37.195
26.874 37.227
26.878 37.259
26.882 37.291
26.887 37.323
26.891 37.354
26.895 37.386
27.326 36.834
27.330 36.866
27.334 36.897
27.338 36.929
27.343 36.960
27.347 36.992
27.351 37.023
27.355 37.055
27.359 37.086
27.364 37.117
27.368 37.149
27.372 37.180
27.376 37.211
27.381 37.243
27.385 37.274
27.389 37.306
27.393 37.337
27.397 37.368
27.402 37.399
27.406 37.431
27.836 36.888
27.841 36.919
27.845 36.950
27.849 36.981
27.853 37.012
27.858 37.043
27.862 37.073
27.866 37.104
27.870 37.135
27.874 37.166
27.879 37.197
27.883 37.228
27.887 37.258
27.891 37.289
27.895 37.320
27.900 37.351
27.904 37.381
27.908 37.412
27.912 37.443
27.917 37.474
28.347 36.940
28.351 36.970
28.356 37.001
28.360 37.031
28.364 37.061
28.368 37.092
28.372 37.122
28.377 37.152
28.381 37.183
28.385 37.213
28.389 37.243
28.394 37.273
28.398 37.303
28.402 37.334
28.406 37.364
28.410 37.394
28.415 37.424
28.419 37.454
28.423 37.485
28.427 37.515
28.858 36.990
28.862 37.020
28.866 37.050
28.871 37.080
28.875 37.109
28.879 37.139
28.883 37.169
28.887 37.198
28.892 37.228
28.896 37.258
28.900 37.288
28.904 37.317
28.909 37.347
28.913 37.377
28.917 37.406
28.921 37.436
28.925 37.466
28.930 37.495
28.934 37.525
28.938 37.554
29.369 37.039
29.373 37.068
29.377 37.097
29.381 37.126
29.386 37.155
29.390 37.185
29.394 37.214
29.398 37.243
29.402 37.272
29.407 37.301
29.411 37.331
29.415 37.360
29.419 37.389
29.424 37.418
29.428 37.447
29.432 37.476
29.436 37.506
29.441 37.535
29.445 37.564
29.449 37.593
29.880 37.085
29.884 37.114
29.888 37.143
29.892 37.171
29.896 37.200
29.901 37.229
29.905 37.257
29.909 37.286
29.913 37.315
29.918 37.343
29.922 37.372
29.926 37.401
29.930 37.430
29.934 37.458
29.939 37.487
29.943 37.515
29.947 37.544
29.951 37.573
29.956 37.601
29.960 37.630
30.390 37.130
30.395 37.158
30.399 37.187
30.403 37.215
30.407 37.243
30.412 37.271
30.416 37.300
30.420 37.328
30.424 37.356
30.428 37.384
30.433 37.412
30.437 37.441
30.441 37.469
30.445 37.497
30.450 37.525
30.454 37.553
30.458 37.581
30.462 37.609
30.466 37.638
30.471 37.666
30.901 37.174
30.905 37.201
30.910 37.229
30.914 37.257
30.918 37.285
30.922 37.313
30.927 37.340
30.931 37.368
30.935 37.396
30.939 37.424
30.943 37.451
30.948 37.479
30.952 37.507
30.956 37.534
30.960 37.562
30.965 37.590
30.969 37.617
30.973 37.645
30.977 37.673
30.981 37.700
31.412 37.216
31.416 37.243
31.420 37.271
31.425 37.298
31.429 37.325
31.433 37.353
31.437 37.380
31.442 37.407
31.446 37.434
31.450 37.462
31.454 37.489
31.458 37.516
31.463 37.543
31.467 37.571
31.471 37.598
31.475 37.625
31.480 37.652
31.484 37.679
31.488 37.707
31.492 37.734
31.923 37.257
31.927 37.284
31.931 37.310
31.935 37.337
31.940 37.364
31.944 37.391
31.948 37.418
31.952 37.445
31.956 37.472
31.961 37.498
31.965 37.525
31.969 37.552
31.973 37.579
31.978 37.606
31.982 37.632
31.986 37.659
31.990 37.686
31.994 37.713
31.999 37.739
32.003 37.766
32.434 37.296
32.438 37.323
32.442 37.349
32.446 37.376
32.450 37.402
32.455 37.428
32.459 37.455
32.463 37.481
32.467 37.508
32.471 37.534
32.476 37.560
32.480 37.587
32.484 37.613
32.488 37.640
32.493 37.666
32.497 37.692
32.501 37.719
32.505 37.745
32.510 37.771
32.514 37.798
32.944 37.335
32.949 37.361
32.953 37.387
32.957 37.413
32.961 37.439
32.965 37.465
32.970 37.491
32.974 37.517
32.978 37.543
32.982 37.569
32.987 37.595
32.991 37.621
32.995 37.647
32.999 37.673
33.004 37.698
33.008 37.724
33.012 37.750
33.016 37.776
33.020 37.802
33.025 37.828
33.455 37.372
33.459 37.397
33.464 37.423
33.468 37.449
33.472 37.474
33.476 37.500
33.480 37.525
33.485 37.551
33.489 37.577
33.493 37.602
33.497 37.628
33.502 37.653
33.506 37.679
33.510 37.704
33.514 37.730
33.519 37.756
33.523 37.781
33.527 37.807
33.531 37.832
33.535 37.858
33.966 37.408
33.970 37.433
33.974 37.458
33.979 37.483
33.983 37.509
33.987 37.534
33.991 37.559
33.995 37.584
34.000 37.609
34.004 37.635
34.008 37.660
34.012 37.685
34.017 37.710
34.021 37.735
34.025 37.761
34.029 37.786
34.033 37.811
34.038 37.836
34.042 37.861
34.046 37.886
34.477 37.443
34.481 37.468
34.485 37.492
34.489 37.517
34.494 37.542
34.498 37.567
34.502 37.592
34.506 37.617
34.511 37.641
34.515 37.666
34.519 37.691
34.523 37.716
34.527 37.741
34.532 37.765
34.536 37.790
34.540 37.815
34.544 37.840
34.548 37.865
34.553 37.889
34.557 37.914
34.987 37.477
34.992 37.501
34.996 37.526
35.000 37.550
35.004 37.575
35.009 37.599
35.013 37.624
35.017 37.648
35.021 37.672
35.026 37.697
35.030 37.721
35.034 37.746
35.038 37.770
35.042 37.795
35.047 37.819
35.051 37.843
35.055 37.868
35.059 37.892
35.063 37.917
35.068 37.941
35.498 37.509
35.502 37.534
35.507 37.558
35.511 37.582
35.515 37.606
35.519 37.630
35.524 37.654
35.528 37.678
35.532 37.702
35.536 37.727
35.541 37.751
35.545 37.775
35.549 37.799
35.553 37.823
35.557 37.847
35.562 37.871
35.566 37.895
35.570 37.919
35.574 37.943
35.578 37.967
36.009 37.542
36.013 37.565
36.017 37.589
36.022 37.613
36.026 37.637
36.030 37.660
36.034 37.684
36.039 37.708
36.043 37.732
36.047 37.756
36.051 37.779
36.056 37.803
36.060 37.827
36.064 37.850
36.068 37.874
36.072 37.898
36.077 37.922
36.081 37.945
36.085 37.969
36.089 37.993
36.520 37.573
36.524 37.596
36.528 37.620
36.533 37.643
36.537 37.666
36.541 37.690
36.545 37.713
36.550 37.737
36.554 37.760
36.558 37.784
36.562 37.807
36.566 37.830
36.571 37.854
36.575 37.877
36.579 37.901
36.583 37.924
36.587 37.947
36.592 37.971
36.596 37.994
36.600 38.018
37.031 37.603
37.035 37.626
37.039 37.649
37.043 37.672
37.048 37.695
37.052 37.719
37.056 37.742
37.060 37.765
37.065 37.788
37.069 37.811
37.073 37.834
37.077 37.857
37.081 37.880
37.086 37.903
37.090 37.926
37.094 37.949
37.098 37.972
37.102 37.995
37.107 38.019
37.111 38.042
37.541 37.632
37.546 37.655
37.550 37.678
37.554 37.701
37.558 37.724
37.563 37.746
37.567 37.769
37.571 37.792
37.575 37.815
37.580 37.837
37.584 37.860
37.588 37.883
37.592 37.906
37.596 37.929
37.601 37.951
37.605 37.974
37.609 37.997
37.613 38.020
37.617 38.042
37.622 38.065
38.052 37.661
38.056 37.683
38.061 37.706
38.065 37.729
38.069 37.751
38.073 37.773
38.078 37.796
38.082 37.818
38.086 37.841
38.090 37.863
38.094 37.886
38.099 37.908
38.103 37.931
38.107 37.953
38.111 37.976
38.116 37.998
38.120 38.020
38.124 38.043
38.128 38.065
38.133 38.088
38.563 37.689
38.567 37.711
38.572 37.733
38.576 37.756
38.580 37.778
38.584 37.800
38.588 37.822
38.593 37.844
38.597 37.866
38.601 37.889
38.605 37.911
38.609 37.933
38.614 37.955
38.618 37.977
38.622 37.999
38.626 38.021
38.631 38.044
38.635 38.066
38.639 38.088
38.643 38.110
39.074 37.716
39.078 37.738
39.082 37.760
39.087 37.782
39.091 37.804
39.095 37.826
39.099 37.847
39.103 37.869
39.108 37.891
39.112 37.913
39.116 37.935
39.120 37.957
39.124 37.979
39.129 38.001
39.133 38.022
39.137 38.044
39.141 38.066
39.146 38.088
39.150 38.110
39.154 38.132
39.585 37.742
39.589 37.764
39.593 37.786
39.597 37.807
39.602 37.829
39.606 37.851
39.610 37.872
39.614 37.894
39.618 37.915
39.623 37.937
39.627 37.959
39.631 37.980
39.635 38.002
39.640 38.023
39.644 38.045
39.648 38.066
39.652 38.088
39.657 38.109
39.661 38.131
39.665 38.153
40.096 37.768
40.100 37.790
40.104 37.811
40.108 37.832
40.112 37.854
40.117 37.875
40.121 37.896
40.125 37.918
40.129 37.939
40.133 37.960
40.138 37.982
40.142 38.003
40.146 38.024
40.150 38.045
40.155 38.067
40.159 38.088
40.163 38.109
40.167 38.131
40.172 38.152
40.176 38.173
40.606 37.793
40.611 37.814
40.615 37.836
40.619 37.857
40.623 37.878
40.627 37.899
40.632 37.920
40.636 37.941
40.640 37.962
40.644 37.983
40.648 38.004
40.653 38.025
40.657 38.046
40.661 38.067
40.665 38.088
40.670 38.109
40.674 38.130
40.678 38.151
40.682 38.172
40.687 38.193
41.117 37.818
41.121 37.839
41.126 37.860
41.130 37.880
41.134 37.901
41.138 37.922
41.142 37.943
41.147 37.964
41.151 37.984
41.155 38.005
41.159 38.026
41.163 38.047
41.168 38.067
41.172 38.088
41.176 38.109
41.180 38.130
41.185 38.150
41.189 38.171
41.193 38.192
41.197 38.213
41.628 37.842
41.632 37.862
41.636 37.883
41.641 37.903
41.645 37.924
41.649 37.945
41.653 37.965
41.657 37.986
41.662 38.006
41.666 38.027
41.670 38.047
41.674 38.068
41.678 38.088
41.683 38.109
41.687 38.129
41.691 38.150
41.695 38.170
41.700 38.191
41.704 38.211
41.708 38.232
42.139 37.865
42.143 37.885
42.147 37.906
42.151 37.926
42.156 37.946
42.160 37.967
42.164 37.987
42.168 38.007
42.172 38.027
42.177 38.048
42.181 38.068
42.185 38.088
42.189 38.109
42.194 38.129
42.198 38.149
42.202 38.169
42.206 38.190
42.210 38.210
42.215 38.230
42.219 38.250
42.649 37.888
42.654 37.908
42.658 37.928
42.662 37.948
42.666 37.968
42.671 37.988
42.675 38.008
42.679 38.028
42.683 38.048
42.687 38.068
42.692 38.088
42.696 38.108
42.700 38.128
42.704 38.148
42.709 38.168
42.713 38.188
42.717 38.208
42.721 38.228
42.725 38.248
42.730 38.268
43.160 37.910
43.164 37.930
43.169 37.950
43.173 37.970
43.177 37.989
43.181 38.009
43.186 38.029
43.190 38.049
43.194 38.069
43.198 38.088
43.203 38.108
43.207 38.128
43.211 38.148
43.215 38.168
43.219 38.187
43.224 38.207
43.228 38.227
43.232 38.247
43.236 38.266
43.240 38.286
43.671 37.932
43.675 37.951
43.679 37.971
43.684 37.991
43.688 38.010
43.692 38.030
43.696 38.049
43.701 38.069
43.705 38.088
43.709 38.108
43.713 38.128
43.718 38.147
43.722 38.167
43.726 38.186
43.730 38.206
43.734 38.225
43.739 38.245
43.743 38.264
43.747 38.284
43.751 38.303
44.182 37.953
44.186 37.972
44.190 37.992
44.194 38.011
44.199 38.030
44.203 38.050
44.207 38.069
44.211 38.088
44.216 38.108
44.220 38.127
44.224 38.146
44.228 38.166
44.233 38.185
44.237 38.204
44.241 38.224
44.245 38.243
44.249 38.262
44.254 38.282
44.258 38.301
44.262 38.320
44.693 37.974
44.697 37.993
44.701 38.012
44.705 38.031
44.709 38.050
44.714 38.069
44.718 38.089
44.722 38.108
44.726 38.127
44.731 38.146
44.735 38.165
44.739 38.184
44.743 38.203
44.748 38.222
44.752 38.241
44.756 38.260
44.760 38.280
44.764 38.299
44.769 38.318
44.773 38.337
45.203 37.994
45.208 38.013
45.212 38.032
45.216 38.051
45.220 38.070
45.224 38.089
45.229 38.107
45.233 38.126
45.237 38.145
45.241 38.164
45.246 38.183
45.250 38.202
45.254 38.221
45.258 38.240
45.263 38.259
45.267 38.277
45.271 38.296
45.275 38.315
45.279 38.334
45.284 38.353
45.714 38.014
45.718 38.033
45.723 38.051
45.727 38.070
45.731 38.089
45.735 38.107
45.739 38.126
45.744 38.145
45.748 38.163
45.752 38.182
45.756 38.201
45.761 38.219
45.765 38.238
45.769 38.257
45.773 38.275
45.778 38.294
45.782 38.313
45.786 38.331
45.790 38.350
45.794 38.369
46.225 38.033
46.229 38.052
46.233 38.070
46.238 38.089
46.242 38.107
46.246 38.126
46.250 38.144
46.255 38.163
46.259 38.181
46.263 38.200
46.267 38.218
46.272 38.236
46.276 38.255
46.280 38.273
46.284 38.292
46.288 38.310
46.293 38.329
46.297 38.347
46.301 38.366
46.305 38.384
46.736 38.052
46.740 38.070
46.744 38.089
46.748 38.107
46.753 38.125
46.757 38.144
46.761 38.162
46.765 38.180
46.770 38.198
46.774 38.217
46.778 38.235
46.782 38.253
46.786 38.271
46.791 38.290
46.795 38.308
46.799 38.326
46.803 38.344
46.808 38.363
46.812 38.381
46.816 38.399
47.247 38.071
47.251 38.089
47.255 38.107
47.259 38.125
47.264 38.143
47.268 38.161
47.272 38.179
47.276 38.197
47.280 38.215
47.285 38.233
47.289 38.251
47.293 38.269
47.297 38.288
47.301 38.306
47.306 38.324
47.310 38.342
47.314 38.360
47.318 38.378
47.323 38.396
47.327 38.414
47.757 38.089
47.762 38.107
47.766 38.125
47.770 38.142
47.774 38.160
47.779 38.178
47.783 38.196
47.787 38.214
47.791 38.232
47.795 38.250
47.800 38.268
47.804 38.285
47.808 38.303
47.812 38.321
47.816 38.339
47.821 38.357
47.825 38.375
47.829 38.393
47.833 38.410
47.838 38.428
48.268 38.107
48.272 38.124
48.277 38.142
48.281 38.160
48.285 38.177
48.289 38.195
48.294 38.213
48.298 38.230
48.302 38.248
48.306 38.266
48.310 38.284
48.315 38.301
48.319 38.319
48.323 38.337
48.327 38.354
48.331 38.372
48.336 38.389
48.340 38.407
48.344 38.425
48.348 38.442
48.779 38.124
48.783 38.141
48.787 38.159
48.792 38.177
48.796 38.194
48.800 38.212
48.804 38.229
48.809 38.247
48.813 38.264
48.817 38.282
48.821 38.299
48.825 38.317
48.830 38.334
48.834 38.351
48.838 38.369
48.842 38.386
48.847 38.404
48.851 38.421
48.855 38.439
48.859 38.456
49.290 38.141
49.294 38.158
49.298 38.176
49.302 38.193
49.307 38.210
49.311 38.228
49.315 38.245
49.319 38.262
49.324 38.280
49.328 38.297
49.332 38.314
49.336 38.332
49.340 38.349
49.345 38.366
49.349 38.383
49.353 38.401
49.357 38.418
49.362 38.435
49.366 38.453
49.370 38.470
49.801 38.158
49.805 38.175
49.809 38.192
49.813 38.209
49.818 38.226
49.822 38.243
49.826 38.261
49.830 38.278
49.834 38.295
49.839 38.312
49.843 38.329
49.847 38.346
49.851 38.363
49.855 38.380
49.860 38.398
49.864 38.415
49.868 38.432
49.872 38.449
49.877 38.466
49.881 38.483
50.311 38.174
50.316 38.191
50.320 38.208
50.324 38.225
50.328 38.242
50.333 38.259
50.337 38.276
50.341 38.293
50.345 38.310
50.349 38.327
50.354 38.344
50.358 38.361
50.362 38.378
50.366 38.395
50.370 38.411
50.375 38.428
50.379 38.445
50.383 38.462
50.387 38.479
50.392 38.496
50.822 38.190
50.826 38.207
50.831 38.224
50.835 38.240
50.839 38.257
50.843 38.274
50.847 38.291
50.852 38.308
50.856 38.324
50.860 38.341
50.864 38.358
50.869 38.375
50.873 38.392
50.877 38.408
50.881 38.425
50.886 38.442
50.890 38.459
50.894 38.475
50.898 38.492
50.902 38.509
51.333 38.206
51.337 38.222
51.341 38.239
51.346 38.256
51.350 38.272
51.354 38.289
51.358 38.305
51.362 38.322
51.367 38.339
51.371 38.355
51.375 38.372
51.379 38.389
51.384 38.405
51.388 38.422
51.392 38.438
51.396 38.455
51.401 38.472
51.405 38.488
51.409 38.505
51.413 38.521
51.844 38.221
51.848 38.238
51.852 38.254
51.856 38.270
51.861 38.287
51.865 38.303
51.869 38.320
51.873 38.336
51.877 38.353
51.882 38.369
51.886 38.386
51.890 38.402
51.894 38.419
51.899 38.435
51.903 38.451
51.907 38.468
51.911 38.484
51.916 38.501
51.920 38.517
51.924 38.534
52.355 38.236
52.359 38.252
52.363 38.269
52.367 38.285
52.371 38.301
52.376 38.318
52.380 38.334
52.384 38.350
52.388 38.367
52.393 38.383
52.397 38.399
52.401 38.415
52.405 38.432
52.410 38.448
52.414 38.464
52.418 38.481
52.422 38.497
52.426 38.513
52.431 38.529
52.435 38.546
52.865 38.251
52.870 38.267
52.874 38.283
52.878 38.299
52.882 38.316
52.886 38.332
52.891 38.348
52.895 38.364
52.899 38.380
52.903 38.396
52.908 38.412
52.912 38.428
52.916 38.445
52.920 38.461
52.925 38.477
52.929 38.493
52.933 38.509
52.937 38.525
52.941 38.541
52.946 38.557
53.376 38.265
53.380 38.281
53.385 38.297
53.389 38.313
53.393 38.329
53.397 38.345
53.401 38.361
53.406 38.377
53.410 38.393
53.414 38.409
53.418 38.425
53.423 38.441
53.427 38.457
53.431 38.473
53.435 38.489
53.440 38.505
53.444 38.521
53.448 38.537
53.452 38.553
53.456 38.569
53.887 38.280
53.891 38.295
53.895 38.311
53.900 38.327
53.904 38.343
53.908 38.359
53.912 38.375
53.916 38.391
53.921 38.406
53.925 38.422
53.929 38.438
53.933 38.454
53.938 38.470
53.942 38.485
53.946 38.501
53.950 38.517
53.955 38.533
53.959 38.549
53.963 38.564
53.967 38.580
54.398 38.294
54.402 38.309
54.406 38.325
54.410 38.341
54.415 38.356
54.419 38.372
54.423 38.388
54.427 38.403
54.431 38.419
54.436 38.435
54.440 38.450
54.444 38.466
54.448 38.482
54.453 38.498
54.457 38.513
54.461 38.529
54.465 38.544
54.469 38.560
54.474 38.576
54.478 38.591
54.908 38.307
54.913 38.323
54.917 38.338
54.921 38.354
54.925 38.370
54.930 38.385
54.934 38.401
54.938 38.416
54.942 38.432
54.947 38.447
54.951 38.463
54.955 38.478
54.959 38.494
54.963 38.509
54.968 38.525
54.972 38.540
54.976 38.556
54.980 38.571
54.985 38.587
54.989 38.602
55.419 38.321
55.423 38.336
55.428 38.352
55.432 38.367
55.436 38.382
55.440 38.398
55.445 38.413
55.449 38.429
55.453 38.444
55.457 38.459
55.462 38.475
55.466 38.490
55.470 38.505
55.474 38.521
55.478 38.536
55.483 38.552
55.487 38.567
55.491 38.582
55.495 38.598
55.500 38.613
55.930 38.334
55.934 38.349
55.939 38.364
55.943 38.380
55.947 38.395
55.951 38.410
55.956 38.425
55.960 38.441
55.964 38.456
55.968 38.471
55.972 38.486
55.977 38.502
55.981 38.517
55.985 38.532
55.989 38.547
55.993 38.563
55.998 38.578
56.002 38.593
56.006 38.608
56.010 38.624
56.441 38.347
56.445 38.362
56.449 38.377
56.454 38.392
56.458 38.407
56.462 38.423
56.466 38.438
56.471 38.453
56.475 38.468
56.479 38.483
56.483 38.498
56.487 38.513
56.492 38.528
56.496 38.543
56.500 38.558
56.504 38.574
56.508 38.589
56.513 38.604
56.517 38.619
56.521 38.634
56.952 38.360
56.956 38.375
56.960 38.390
56.964 38.405
56.969 38.420
56.973 38.435
56.977 38.450
56.981 38.465
56.986 38.479
56.990 38.494
56.994 38.509
56.998 38.524
57.002 38.539
57.007 38.554
57.011 38.569
57.015 38.584
57.019 38.599
57.023 38.614
57.028 38.629
57.032 38.644
57.462 38.372
57.467 38.387
57.471 38.402
57.475 38.417
57.479 38.432
57.484 38.446
57.488 38.461
57.492 38.476
57.496 38.491
57.501 38.506
57.505 38.521
57.509 38.535
57.513 38.550
57.517 38.565
57.522 38.580
57.526 38.595
57.530 38.610
57.534 38.624
57.538 38.639
57.543 38.654
57.973 38.384
57.977 38.399
57.982 38.414
57.986 38.429
57.990 38.443
57.994 38.458
57.999 38.473
58.003 38.487
58.007 38.502
58.011 38.517
58.016 38.532
58.020 38.546
58.024 38.561
58.028 38.576
58.032 38.590
58.037 38.605
58.041 38.620
58.045 38.634
58.049 38.649
58.054 38.664
58.484 38.397
58.488 38.411
58.492 38.426
58.497 38.440
58.501 38.455
58.505 38.469
58.509 38.484
58.514 38.499
58.518 38.513
58.522 38.528
58.526 38.542
58.531 38.557
58.535 38.571
58.539 38.586
58.543 38.601
58.547 38.615
58.552 38.630
58.556 38.644
58.560 38.659
58.564 38.673
58.995 38.408
58.999 38.423
59.003 38.437
59.008 38.452
59.012 38.466
59.016 38.481
59.020 38.495
59.025 38.510
59.029 38.524
59.033 38.538
59.037 38.553
59.041 38.567
59.046 38.582
59.050 38.596
59.054 38.611
59.058 38.625
59.062 38.640
59.067 38.654
59.071 38.668
59.075 38.683
59.506 38.420
59.510 38.434
59.514 38.449
59.518 38.463
59.523 38.477
59.527 38.492
59.531 38.506
59.535 38.520
59.539 38.535
59.544 38.549
59.548 38.563
59.552 38.578
59.556 38.592
59.561 38.606
59.565 38.621
59.569 38.635
59.573 38.649
59.578 38.664
59.582 38.678
59.586 38.692
60.017 38.431
60.021 38.446
60.025 38.460
60.029 38.474
60.033 38.488
60.038 38.503
60.042 38.517
60.046 38.531
60.050 38.545
60.054 38.559
60.059 38.574
60.063 38.588
60.067 38.602
60.071 38.616
60.076 38.630
60.080 38.645
60.084 38.659
60.088 38.673
60.093 38.687
60.097 38.701
60.527 38.443
60.532 38.457
60.536 38.471
60.540 38.485
60.544 38.499
60.548 38.513
60.553 38.527
60.557 38.541
60.561 38.555
60.565 38.570
60.569 38.584
60.574 38.598
60.578 38.612
60.582 38.626
60.586 38.640
60.591 38.654
60.595 38.668
60.599 38.682
60.603 38.696
60.608 38.710
61.038 38.454
61.042 38.468
61.047 38.482
61.051 38.496
61.055 38.510
61.059 38.524
61.063 38.538
61.068 38.552
61.072 38.566
61.076 38.580
61.080 38.594
61.084 38.608
61.089 38.621
61.093 38.635
61.097 38.649
61.101 38.663
61.106 38.677
61.110 38.691
61.114 38.705
61.118 38.719
61.549 38.465
61.553 38.479
61.557 38.492
61.562 38.506
61.566 38.520
61.570 38.534
61.574 38.548
61.578 38.562
61.583 38.576
61.587 38.589
61.591 38.603
61.595 38.617
61.600 38.631
61.604 38.645
61.608 38.659
61.612 38.672
61.617 38.686
61.621 38.700
61.625 38.714
61.629 38.728
62.060 38.475
62.064 38.489
62.068 38.503
62.072 38.517
62.077 38.530
62.081 38.544
62.085 38.558
62.089 38.572
62.093 38.585
62.098 38.599
62.102 38.613
62.106 38.627
62.110 38.640
62.115 38.654
62.119 38.668
62.123 38.681
62.127 38.695
62.132 38.709
62.136 38.723
62.140 38.736
62.571 38.486
62.575 38.500
62.579 38.513
62.583 38.527
62.587 38.540
62.592 38.554
62.596 38.568
62.600 38.581
62.604 38.595
62.608 38.609
62.613 38.622
62.617 38.636
62.621 38.649
62.625 38.663
62.630 38.677
62.634 38.690
62.638 38.704
62.642 38.717
62.647 38.731
62.651 38.745
63.081 38.496
63.086 38.510
63.090 38.523
63.094 38.537
63.098 38.550
63.102 38.564
63.107 38.577
63.111 38.591
63.115 38.605
63.119 38.618
63.123 38.631
63.128 38.645
63.132 38.659
63.136 38.672
63.140 38.685
63.145 38.699
63.149 38.713
63.153 38.726
63.157 38.739
63.161 38.753
63.592 38.507
63.596 38.520
63.600 38.533
63.605 38.547
63.609 38.560
63.613 38.574
63.617 38.587
63.622 38.600
63.626 38.614
63.630 38.627
63.634 38.641
63.639 38.654
63.643 38.667
63.647 38.681
63.651 38.694
63.655 38.708
63.660 38.721
63.664 38.734
63.668 38.748
63.672 38.761
64.103 38.517
64.107 38.530
64.111 38.543
64.115 38.557
64.120 38.570
64.124 38.583
64.128 38.596
64.132 38.610
64.137 38.623
64.141 38.636
64.145 38.650
64.149 38.663
64.153 38.676
64.158 38.689
64.162 38.703
64.166 38.716
64.170 38.729
64.175 38.743
64.179 38.756
64.183 38.769
64.614 38.527
64.618 38.540
64.622 38.553
64.626 38.566
64.630 38.579
64.635 38.592
64.639 38.606
64.643 38.619
64.647 38.632
64.652 38.645
64.656 38.658
64.660 38.672
64.664 38.685
64.669 38.698
64.673 38.711
64.677 38.724
64.681 38.737
64.685 38.751
64.690 38.764
64.694 38.777
65.124 38.536
65.129 38.549
65.133 38.562
65.137 38.575
65.141 38.589
65.146 38.602
65.150 38.615
65.154 38.628
65.158 38.641
65.162 38.654
65.167 38.667
65.171 38.680
65.175 38.693
65.179 38.706
65.184 38.719
65.188 38.732
65.192 38.746
65.196 38.759
65.201 38.772
65.205 38.785
65.635 38.546
65.639 38.559
65.644 38.572
65.648 38.585
65.652 38.598
65.656 38.611
65.661 38.624
65.665 38.637
65.669 38.650
65.673 38.663
65.677 38.676
65.682 38.689
65.686 38.702
65.690 38.715
65.694 38.727
65.699 38.740
65.703 38.753
65.707 38.766
65.711 38.779
65.716 38.792
66.146 38.555
66.150 38.568
66.154 38.581
66.159 38.594
66.163 38.607
66.167 38.620
66.171 38.633
66.176 38.645
66.180 38.658
66.184 38.671
66.188 38.684
66.192 38.697
66.197 38.710
66.201 38.723
66.205 38.736
66.209 38.748
66.214 38.761
66.218 38.774
66.222 38.787
66.226 38.800
66.657 38.564
66.661 38.577
66.665 38.590
66.669 38.603
66.674 38.616
66.678 38.628
66.682 38.641
66.686 38.654
66.691 38.667
66.695 38.680
66.699 38.692
66.703 38.705
66.707 38.718
66.712 38.731
66.716 38.743
66.720 38.756
66.724 38.769
66.729 38.782
66.733 38.794
66.737 38.807
67.168 38.574
67.172 38.586
67.176 38.599
67.180 38.612
67.184 38.624
67.189 38.637
67.193 38.650
67.197 38.662
67.201 38.675
67.206 38.688
67.210 38.700
67.214 38.713
67.218 38.726
67.222 38.739
67.227 38.751
67.231 38.764
67.235 38.777
67.239 38.789
67.244 38.802
67.248 38.815
67.678 38.583
67.683 38.595
67.687 38.608
67.691 38.620
67.695 38.633
67.700 38.646
67.704 38.658
67.708 38.671
67.712 38.683
67.716 38.696
67.721 38.709
67.725 38.721
67.729 38.734
67.733 38.746
67.737 38.759
67.742 38.771
67.746 38.784
67.750 38.797
67.754 38.809
67.759 38.822
68.189 38.591
68.193 38.604
68.198 38.616
68.202 38.629
68.206 38.641
68.210 38.654
68.215 38.666
68.219 38.679
68.223 38.691
68.227 38.704
68.231 38.716
68.236 38.729
68.240 38.741
68.244 38.754
68.248 38.766
68.253 38.779
68.257 38.791
68.261 38.804
68.265 38.816
68.269 38.829
68.700 38.600
68.704 38.613
68.709 38.625
68.713 38.637
68.717 38.650
68.721 38.662
68.725 38.675
68.730 38.687
68.734 38.699
68.738 38.712
68.742 38.724
68.746 38.737
68.751 38.749
68.755 38.761
68.759 38.774
68.763 38.786
68.768 38.799
68.772 38.811
68.776 38.823
68.780 38.836
69.211 38.609
69.215 38.621
69.219 38.633
69.224 38.646
69.228 38.658
69.232 38.670
69.236 38.683
69.240 38.695
69.245 38.707
69.249 38.720
69.253 38.732
69.257 38.744
69.261 38.757
69.266 38.769
69.270 38.781
69.274 38.793
69.278 38.806
69.283 38.818
69.287 38.830
69.291 38.843
69.722 38.617
69.726 38.630
69.730 38.642
69.734 38.654
69.739 38.666
69.743 38.678
69.747 38.691
69.751 38.703
69.755 38.715
69.760 38.727
69.764 38.740
69.768 38.752
69.772 38.764
69.776 38.776
69.781 38.788
69.785 38.801
69.789 38.813
69.793 38.825
69.798 38.837
69.802 38.849
70.232 38.626
70.237 38.638
70.241 38.650
70.245 38.662
70.249 38.674
70.254 38.686
70.258 38.698
70.262 38.711
70.266 38.723
70.270 38.735
70.275 38.747
70.279 38.759
70.283 38.771
70.287 38.783
70.291 38.795
70.296 38.808
70.300 38.820
70.304 38.832
70.308 38.844
70.313 38.856
70.743 38.634
70.747 38.646
70.752 38.658
70.756 38.670
70.760 38.682
70.764 38.694
70.769 38.706
70.773 38.718
70.777 38.730
70.781 38.742
70.785 38.754
70.790 38.766
70.794 38.778
70.798 38.790
70.802 38.802
70.806 38.815
70.811 38.827
70.815 38.839
70.819 38.851
70.823 38.863
71.254 38.642
71.258 38.654
71.262 38.666
71.267 38.678
71.271 38.690
71.275 38.702
71.279 38.714
71.284 38.726
71.288 38.738
71.292 38.750
71.296 38.762
71.300 38.774
71.305 38.785
71.309 38.797
71.313 38.809
71.317 38.821
71.322 38.833
71.326 38.845
71.330 38.857
71.334 38.869
71.765 38.650
71.769 38.662
71.773 38.674
71.778 38.686
71.782 38.698
71.786 38.709
71.790 38.721
71.794 38.733
71.799 38.745
71.803 38.757
71.807 38.769
71.811 38.781
71.816 38.792
71.820 38.804
71.824 38.816
71.828 38.828
71.832 38.840
71.837 38.852
71.841 38.864
71.845 38.875
72.276 38.658
72.280 38.670
72.284 38.682
72.288 38.693
72.293 38.705
72.297 38.717
72.301 38.729
72.305 38.740
72.309 38.752
72.314 38.764
72.318 38.776
72.322 38.788
72.326 38.799
72.331 38.811
72.335 38.823
72.339 38.835
72.343 38.846
72.347 38.858
72.352 38.870
72.356 38.882
72.786 38.666
72.791 38.677
72.795 38.689
72.799 38.701
72.803 38.713
72.808 38.724
72.812 38.736
72.816 38.748
72.820 38.759
72.824 38.771
72.829 38.783
72.833 38.794
72.837 38.806
72.841 38.818
72.846 38.830
72.850 38.841
72.854 38.853
72.858 38.865
72.862 38.876
72.867 38.888
73.297 38.673
73.301 38.685
73.306 38.697
73.310 38.708
73.314 38.720
73.318 38.731
73.323 38.743
73.327 38.755
73.331 38.766
73.335 38.778
73.339 38.790
73.344 38.801
73.348 38.813
73.352 38.824
73.356 38.836
73.361 38.848
73.365 38.859
73.369 38.871
73.373 38.882
73.377 38.894
73.808 38.681
73.812 38.692
73.816 38.704
73.821 38.716
73.825 38.727
73.829 38.739
73.833 38.750
73.838 38.762
73.842 38.773
73.846 38.785
73.850 38.796
73.854 38.808
73.859 38.819
73.863 38.831
73.867 38.842
73.871 38.854
73.876 38.866
73.880 38.877
73.884 38.889
73.888 38.900
74.319 38.688
74.323 38.700
74.327 38.711
74.331 38.723
74.336 38.734
74.340 38.746
74.344 38.757
74.348 38.769
74.353 38.780
74.357 38.792
74.361 38.803
74.365 38.814
74.369 38.826
74.374 38.837
74.378 38.849
74.382 38.860
74.386 38.872
74.391 38.883
74.395 38.895
74.399 38.906
74.830 38.696
74.834 38.707
74.838 38.719
74.842 38.730
74.846 38.741
74.851 38.753
74.855 38.764
74.859 38.775
74.863 38.787
74.868 38.798
74.872 38.810
74.876 38.821
74.880 38.832
74.885 38.844
74.889 38.855
74.893 38.866
74.897 38.878
74.901 38.889
74.906 38.901
74.910 38.912
75.340 38.703
75.345 38.714
75.349 38.726
75.353 38.737
75.357 38.748
75.362 38.760
75.366 38.771
75.370 38.782
75.374 38.793
75.378 38.805
75.383 38.816
75.387 38.827
75.391 38.839
75.395 38.850
75.400 38.861
75.404 38.873
75.408 38.884
75.412 38.895
75.416 38.906
75.421 38.918
75.851 38.710
75.855 38.721
75.860 38.733
75.864 38.744
75.868 38.755
75.872 38.766
75.876 38.778
75.881 38.789
75.885 38.800
75.889 38.811
75.893 38.822
75.898 38.834
75.902 38.845
75.906 38.856
75.910 38.867
75.915 38.879
75.919 38.890
75.923 38.901
75.927 38.912
75.931 38.923
76.362 38.717
76.366 38.728
76.370 38.740
76.375 38.751
76.379 38.762
76.383 38.773
76.387 38.784
76.391 38.795
76.396 38.806
76.400 38.818
76.404 38.829
76.408 38.840
76.413 38.851
76.417 38.862
76.421 38.873
76.425 38.884
76.430 38.896
76.434 38.907
76.438 38.918
76.442 38.929
76.873 38.724
76.877 38.735
76.881 38.746
76.885 38.757
76.890 38.769
76.894 38.780
76.898 38.791
76.902 38.802
76.906 38.813
76.911 38.824
76.915 38.835
76.919 38.846
76.923 38.857
76.928 38.868
76.932 38.879
76.936 38.890
76.940 38.901
76.945 38.912
76.949 38.924
76.953 38.935
77.383 38.731
77.388 38.742
77.392 38.753
77.396 38.764
77.400 38.775
77.405 38.786
77.409 38.797
77.413 38.808
77.417 38.819
77.421 38.830
77.426 38.841
77.430 38.852
77.434 38.863
77.438 38.874
77.443 38.885
77.447 38.896
77.451 38.907
77.455 38.918
77.460 38.929
77.464 38.940
77.894 38.738
77.899 38.749
77.903 38.760
77.907 38.771
77.911 38.782
77.915 38.793
77.920 38.803
77.924 38.814
77.928 38.825
77.932 38.836
77.937 38.847
77.941 38.858
77.945 38.869
77.949 38.880
77.954 38.891
77.958 38.902
77.962 38.913
77.966 38.924
77.970 38.935
77.975 38.945
78.405 38.745
78.409 38.755
78.414 38.766
78.418 38.777
78.422 38.788
78.426 38.799
78.430 38.810
78.435 38.821
78.439 38.831
78.443 38.842
78.447 38.853
78.452 38.864
78.456 38.875
78.460 38.886
78.464 38.897
78.469 38.907
78.473 38.918
78.477 38.929
78.481 38.940
78.485 38.951
78.916 38.751
78.920 38.762
78.924 38.773
78.929 38.784
78.933 38.794
78.937 38.805
78.941 38.816
78.945 38.827
78.950 38.838
78.954 38.848
78.958 38.859
78.962 38.870
78.967 38.881
78.971 38.891
78.975 38.902
78.979 38.913
78.984 38.924
78.988 38.935
78.992 38.945
78.996 38.956
79.427 38.758
79.431 38.768
79.435 38.779
79.439 38.790
79.444 38.801
79.448 38.811
79.452 38.822
79.456 38.833
79.460 38.843
79.465 38.854
79.469 38.865
79.473 38.876
79.477 38.886
79.482 38.897
79.486 38.908
79.490 38.918
79.494 38.929
79.499 38.940
79.503 38.951
79.507 38.961
79.938 38.764
79.942 38.775
79.946 38.785
79.950 38.796
79.954 38.807
79.959 38.817
79.963 38.828
79.967 38.839
79.971 38.849
79.975 38.860
79.980 38.871
79.984 38.881
79.988 38.892
79.992 38.903
79.997 38.913
80.001 38.924
80.005 38.935
80.009 38.945
80.013 38.956
80.018 38.966
80.448 38.771
80.453 38.781
80.457 38.792
80.461 38.802
80.465 38.813
80.469 38.823
80.474 38.834
80.478 38.845
80.482 38.855
80.486 38.866
80.490 38.876
80.495 38.887
80.499 38.898
80.503 38.908
80.507 38.919
80.512 38.929
80.516 38.940
80.520 38.950
80.524 38.961
80.529 38.971
80.959 38.777
80.963 38.787
80.968 38.798
80.972 38.808
80.976 38.819
80.980 38.829
80.984 38.840
80.989 38.850
80.993 38.861
80.997 38.871
81.001 38.882
81.006 38.892
81.010 38.903
81.014 38.914
81.018 38.924
81.022 38.934
81.027 38.945
81.031 38.956
81.035 38.966
81.039 38.977
81.470 38.783
81.474 38.793
81.478 38.804
81.483 38.814
81.487 38.825
81.491 38.835
81.495 38.846
81.499 38.856
81.504 38.867
81.508 38.877
81.512 38.888
81.516 38.898
81.521 38.908
81.525 38.919
81.529 38.929
81.533 38.940
81.537 38.950
81.542 38.961
81.546 38.971
81.550 38.981
81.981 38.789
81.985 38.800
81.989 38.810
81.993 38.820
81.998 38.831
82.002 38.841
82.006 38.851
82.010 38.862
82.014 38.872
82.019 38.883
82.023 38.893
82.027 38.903
82.031 38.914
82.036 38.924
82.040 38.935
82.044 38.945
82.048 38.955
82.052 38.966
82.057 38.976
82.061 38.986
82.492 38.795
82.496 38.806
82.500 38.816
82.504 38.826
82.508 38.836
82.513 38.847
82.517 38.857
82.521 38.867
82.525 38.878
82.529 38.888
82.534 38.898
82.538 38.909
82.542 38.919
82.546 38.929
82.551 38.940
82.555 38.950
82.559 38.960
82.563 38.971
82.567 38.981
82.572 38.991
83.002 38.801
83.007 38.811
83.011 38.822
83.015 38.832
83.019 38.842
83.023 38.852
83.028 38.863
83.032 38.873
83.036 38.883
83.040 38.893
83.044 38.904
83.049 38.914
83.053 38.924
83.057 38.934
83.061 38.945
83.066 38.955
83.070 38.965
83.074 38.975
83.078 38.986
83.082 38.996
83.513 38.807
83.517 38.817
83.522 38.827
83.526 38.838
83.530 38.848
83.534 38.858
83.538 38.868
83.543 38.878
83.547 38.889
83.551 38.899
83.555 38.909
83.559 38.919
83.564 38.929
83.568 38.940
83.572 38.950
83.576 38.960
83.581 38.970
83.585 38.980
83.589 38.990
83.593 39.001
84.024 38.813
84.028 38.823
84.032 38.833
84.037 38.843
84.041 38.853
84.045 38.864
84.049 38.874
84.053 38.884
84.058 38.894
84.062 38.904
84.066 38.914
84.070 38.924
84.075 38.934
84.079 38.945
84.083 38.955
84.087 38.965
84.091 38.975
84.096 38.985
84.100 38.995
84.104 39.005
84.535 38.819
84.539 38.829
84.543 38.839
84.547 38.849
84.552 38.859
84.556 38.869
84.560 38.879
84.564 38.889
84.569 38.899
84.573 38.909
84.577 38.919
84.581 38.929
84.585 38.939
84.590 38.950
84.594 38.960
84.598 38.970
84.602 38.980
84.606 38.990
84.611 39.000
84.615 39.010
85.046 38.824
85.050 38.834
85.054 38.844
85.058 38.854
85.062 38.864
85.067 38.874
85.071 38.884
85.075 38.894
85.079 38.904
85.084 38.914
85.088 38.924
85.092 38.934
85.096 38.944
85.100 38.954
85.105 38.964
85.109 38.974
85.113 38.984
85.117 38.994
85.121 39.004
85.126 39.014
85.556 38.830
85.561 38.840
85.565 38.850
85.569 38.860
85.573 38.870
85.577 38.880
85.582 38.890
85.586 38.900
85.590 38.910
85.594 38.920
85.599 38.929
85.603 38.939
85.607 38.949
85.611 38.959
85.615 38.969
85.620 38.979
85.624 38.989
85.628 38.999
85.632 39.009
85.636 39.019
86.067 38.836
86.071 38.845
86.076 38.855
86.080 38.865
86.084 38.875
86.088 38.885
86.092 38.895
86.097 38.905
86.101 38.915
86.105 38.925
86.109 38.934
86.114 38.944
86.118 38.954
86.122 38.964
86.126 38.974
86.130 38.984
86.135 38.994
86.139 39.004
86.143 39.013
86.147 39.023
86.578 38.841
86.582 38.851
86.586 38.861
86.591 38.871
86.595 38.880
86.599 38.890
86.603 38.900
86.607 38.910
86.612 38.920
86.616 38.930
86.620 38.939
86.624 38.949
86.629 38.959
86.633 38.969
86.637 38.979
86.641 38.988
86.645 38.998
86.650 39.008
86.654 39.018
86.658 39.028
87.089 38.846
87.093 38.856
87.097 38.866
87.101 38.876
87.106 38.886
87.110 38.895
87.114 38.905
87.118 38.915
87.122 38.925
87.127 38.934
87.131 38.944
87.135 38.954
87.139 38.964
87.144 38.973
87.148 38.983
87.152 38.993
87.156 39.003
87.160 39.013
87.165 39.022
87.169 39.032
87.599 38.852
87.604 38.862
87.608 38.871
87.612 38.881
87.616 38.891
87.621 38.900
87.625 38.910
87.629 38.920
87.633 38.930
87.638 38.939
87.642 38.949
87.646 38.959
87.650 38.968
87.654 38.978
87.659 38.988
87.663 38.998
87.667 39.007
87.671 39.017
87.675 39.027
87.680 39.036
88.110 38.857
88.115 38.867
88.119 38.876
88.123 38.886
88.127 38.896
88.131 38.905
88.136 38.915
88.140 38.925
88.144 38.934
88.148 38.944
88.153 38.954
88.157 38.963
88.161 38.973
88.165 38.983
88.169 38.992
88.174 39.002
88.178 39.012
88.182 39.021
88.186 39.031
88.191 39.041
88.621 38.862
88.625 38.872
88.629 38.882
88.634 38.891
88.638 38.901
88.642 38.910
88.646 38.920
88.651 38.930
88.655 38.939
88.659 38.949
88.663 38.958
88.668 38.968
88.672 38.978
88.676 38.987
88.680 38.997
88.684 39.006
88.689 39.016
88.693 39.026
88.697 39.035
88.701 39.045
89.132 38.868
89.136 38.877
89.140 38.887
89.144 38.896
89.149 38.906
89.153 38.915
89.157 38.925
89.161 38.934
89.166 38.944
89.170 38.954
89.174 38.963
89.178 38.973
89.183 38.982
89.187 38.992
89.191 39.001
89.195 39.011
89.199 39.020
89.204 39.030
89.208 39.039
89.212 39.049
89.643 38.873
89.647 38.882
89.651 38.892
89.655 38.901
89.659 38.911
89.664 38.920
89.668 38.930
89.672 38.939
89.676 38.949
89.681 38.958
89.685 38.968
89.689 38.977
89.693 38.987
89.698 38.996
89.702 39.006
89.706 39.015
89.710 39.025
89.714 39.034
89.719 39.043
89.723 39.053
90.153 38.878
90.158 38.887
90.162 38.897
90.166 38.906
90.170 38.916
90.174 38.925
90.179 38.934
90.183 38.944
90.187 38.953
90.191 38.963
90.196 38.972
90.200 38.982
90.204 38.991
90.208 39.000
90.213 39.010
90.217 39.019
90.221 39.029
90.225 39.038
90.230 39.048
90.234 39.057
90.664 38.883
90.668 38.892
90.673 38.902
90.677 38.911
90.681 38.920
90.685 38.930
90.690 38.939
90.694 38.948
90.698 38.958
90.702 38.967
90.707 38.977
90.711 38.986
90.715 38.995
90.719 39.005
90.723 39.014
90.728 39.023
90.732 39.033
90.736 39.042
90.740 39.052
90.745 39.061
91.175 38.888
91.179 38.897
91.183 38.906
91.188 38.916
91.192 38.925
91.196 38.934
91.200 38.944
91.205 38.953
91.209 38.962
91.213 38.972
91.217 38.981
91.222 38.990
91.226 39.000
91.230 39.009
91.234 39.018
91.238 39.028
91.243 39.037
91.247 39.046
91.251 39.056
91.255 39.065
91.686 38.893
91.690 38.902
91.694 38.911
91.698 38.920
91.703 38.930
91.707 38.939
91.711 38.948
91.715 38.958
91.720 38.967
91.724 38.976
91.728 38.985
91.732 38.995
91.737 39.004
91.741 39.013
91.745 39.023
91.749 39.032
91.753 39.041
91.758 39.050
91.762 39.060
91.766 39.069
92.197 38.897
92.201 38.907
92.205 38.916
92.209 38.925
92.213 38.934
92.218 38.944
92.222 38.953
92.226 38.962
92.230 38.971
92.235 38.981
92.239 38.990
92.243 38.999
92.247 39.008
92.251 39.017
92.256 39.027
92.260 39.036
92.264 39.045
92.268 39.054
92.273 39.064
92.277 39.073
92.707 38.902
92.712 38.911
92.716 38.921
92.720 38.930
92.724 38.939
92.728 38.948
92.733 38.957
92.737 38.966
92.741 38.976
92.745 38.985
92.750 38.994
92.754 39.003
92.758 39.012
92.762 39.022
92.766 39.031
92.771 39.040
92.775 39.049
92.779 39.058
92.783 39.067
92.788 39.077
93.218 38.907
93.222 38.916
93.227 38.925
93.231 38.934
93.235 38.943
93.239 38.953
93.243 38.962
93.248 38.971
93.252 38.980
93.256 38.989
93.260 38.998
93.265 39.007
93.269 39.016
93.273 39.026
93.277 39.035
93.282 39.044
93.286 39.053
93.290 39.062
93.294 39.071
93.298 39.080
93.729 38.912
93.733 38.921
93.737 38.930
93.742 38.939
93.746 38.948
93.750 38.957
93.754 38.966
93.759 38.975
93.763 38.984
93.767 38.993
93.771 39.002
93.775 39.011
93.780 39.021
93.784 39.030
93.788 39.039
93.792 39.048
93.797 39.057
93.801 39.066
93.805 39.075
93.809 39.084
94.240 38.916
94.244 38.925
94.248 38.934
94.252 38.943
94.257 38.952
94.261 38.961
94.265 38.970
94.269 38.979
94.274 38.988
94.278 38.998
94.282 39.007
94.286 39.016
94.290 39.025
94.295 39.034
94.299 39.043
94.303 39.052
94.307 39.061
94.312 39.070
94.316 39.079
94.320 39.088
94.751 38.921
94.755 38.930
94.759 38.939
94.763 38.948
94.767 38.957
94.772 38.966
94.776 38.975
94.780 38.984
94.784 38.993
94.789 39.002
94.793 39.011
94.797 39.020
94.801 39.029
94.805 39.038
94.810 39.047
94.814 39.056
94.818 39.064
94.822 39.073
94.827 39.082
94.831 39.091
95.261 38.925
95.266 38.934
95.270 38.943
95.274 38.952
95.278 38.961
95.282 38.970
95.287 38.979
95.291 38.988
95.295 38.997
95.299 39.006
95.304 39.015
95.308 39.024
95.312 39.033
95.316 39.041
95.320 39.050
95.325 39.059
95.329 39.068
95.333 39.077
95.337 39.086
95.342 39.095
95.772 38.930
95.776 38.939
95.781 38.948
95.785 38.957
95.789 38.965
95.793 38.974
95.797 38.983
95.802 38.992
95.806 39.001
95.810 39.010
95.814 39.019
95.819 39.028
95.823 39.036
95.827 39.045
95.831 39.054
95.835 39.063
95.840 39.072
95.844 39.081
95.848 39.090
95.852 39.099
96.283 38.934
96.287 38.943
96.291 38.952
96.296 38.961
96.300 38.970
96.304 38.978
96.308 38.987
96.312 38.996
96.317 39.005
96.321 39.014
96.325 39.023
96.329 39.032
96.334 39.040
96.338 39.049
96.342 39.058
96.346 39.067
96.351 39.076
96.355 39.084
96.359 39.093
96.363 39.102
96.794 38.939
96.798 38.947
96.802 38.956
96.806 38.965
96.811 38.974
96.815 38.983
96.819 38.991
96.823 39.000
96.828 39.009
96.832 39.018
96.836 39.027
96.840 39.035
96.844 39.044
96.849 39.053
96.853 39.062
96.857 39.071
96.861 39.079
96.866 39.088
96.870 39.097
96.874 39.106
97.305 38.943
97.309 38.952
97.313 38.961
97.317 38.969
97.322 38.978
97.326 38.987
97.330 38.996
97.334 39.004
97.338 39.013
97.343 39.022
97.347 39.030
97.351 39.039
97.355 39.048
97.359 39.057
97.364 39.065
97.368 39.074
97.372 39.083
97.376 39.092
97.381 39.100
97.385 39.109
97.815 38.947
97.820 38.956
97.824 38.965
97.828 38.973
97.832 38.982
97.837 38.991
97.841 39.000
97.845 39.008
97.849 39.017
97.853 39.026
97.858 39.034
97.862 39.043
97.866 39.052
97.870 39.060
97.874 39.069
97.879 39.078
97.883 39.086
97.887 39.095
97.891 39.104
97.896 39.113
98.326 38.952
98.330 38.960
98.335 38.969
98.339 38.978
98.343 38.986
98.347 38.995
98.352 39.004
98.356 39.012
98.360 39.021
98.364 39.029
98.368 39.038
98.373 39.047
98.377 39.055
98.381 39.064
98.385 39.073
98.389 39.081
98.394 39.090
98.398 39.099
98.402 39.107
98.406 39.116
98.837 38.956
98.841 38.964
98.845 38.973
98.850 38.982
98.854 38.990
98.858 38.999
98.862 39.007
98.867 39.016
98.871 39.025
98.875 39.033
98.879 39.042
98.883 39.050
98.888 39.059
98.892 39.068
98.896 39.076
98.900 39.085
98.904 39.094
98.909 39.102
98.913 39.111
98.917 39.119
99.348 38.960
99.352 38.969
99.356 38.977
99.360 38.986
99.365 38.994
99.369 39.003
99.373 39.011
99.377 39.020
99.382 39.029
99.386 39.037
99.390 39.046
99.394 39.054
99.398 39.063
99.403 39.071
99.407 39.080
99.411 39.088
99.415 39.097
99.419 39.106
99.424 39.114
99.428 39.123
99.859 38.964
99.863 38.973
99.867 38.981
99.871 38.990
99.875 38.998
99.880 39.007
99.884 39.015
99.888 39.024
99.892 39.032
99.897 39.041
99.901 39.049
99.905 39.058
99.909 39.066
99.913 39.075
99.918 39.083
99.922 39.092
99.926 39.100
99.930 39.109
99.935 39.117
99.939 39.126
