0.253 0.154
0.788 8.772
0.816 16.890
1.323 15.619
1.351 20.381
1.379 24.949
1.408 29.331
1.858 25.925
1.886 29.183
1.914 32.345
1.942 35.413
1.971 38.395
1.999 41.292
2.027 44.109
2.055 46.847
2.393 43.118
2.421 45.456
2.449 47.740
2.477 49.969
2.506 52.151
2.534 54.284
2.562 56.370
2.590 58.411
2.618 60.405
2.647 62.359
2.675 64.272
2.703 66.145
2.731 67.976
2.760 69.773
2.788 71.534
2.816 73.259
2.927 72.817
2.956 74.448
2.984 76.049
3.012 77.619
3.040 79.158
3.068 80.671
3.097 82.157
3.125 83.615
3.153 85.045
3.181 86.452
3.210 87.835
3.238 89.193
3.266 90.525
3.294 91.837
3.322 93.127
3.351 94.395
3.379 95.639
3.407 96.865
3.435 98.071
3.464 99.258
3.492 100.422
3.520 101.571
3.548 102.701
3.576 103.814
3.605 104.906
3.633 105.984
3.661 107.045
3.689 108.090
3.718 109.120
3.746 110.131
3.774 111.130
3.802 112.113
3.830 113.083
3.859 114.035
3.887 114.977
3.915 115.904
3.943 116.819
3.972 117.718
4.000 118.606
4.028 119.483
4.056 120.347
4.085 121.196
4.113 122.037
4.141 122.866
4.169 123.684
4.197 124.488
4.226 125.284
4.254 126.070
4.282 126.845
4.310 127.607
4.339 128.363
4.367 129.108
4.395 129.844
4.423 130.570
4.452 131.285
4.480 131.993
4.508 132.692
4.536 133.383
4.564 134.062
4.593 134.736
4.621 135.402
4.649 136.059
4.677 136.706
4.705 137.348
4.734 137.982
4.762 138.608
4.790 139.225
4.818 139.837
4.847 140.442
4.875 141.039
4.903 141.628
4.931 142.212
4.960 142.789
4.988 143.360
5.016 143.922
5.044 144.481
5.072 145.033
5.101 145.579
5.129 146.119
5.157 146.650
5.185 147.178
5.213 147.701
5.242 148.218
5.270 148.727
5.298 149.233
5.326 149.733
5.355 150.229
5.383 150.716
5.411 151.201
5.439 151.681
5.468 152.156
5.496 152.624
5.524 153.089
5.552 153.550
5.580 154.006
5.609 154.455
5.637 154.901
5.665 155.344
5.693 155.782
5.722 156.213
5.750 156.643
5.778 157.068
5.806 157.489
5.834 157.906
5.863 158.317
5.891 158.726
5.919 159.131
5.947 159.533
5.976 159.928
6.004 160.322
6.032 160.712
6.060 161.098
6.088 161.479
6.117 161.858
6.145 162.234
6.173 162.607
6.201 162.974
6.230 163.339
6.258 163.702
6.286 164.061
6.314 164.415
6.343 164.768
6.371 165.118
6.399 165.464
6.427 165.805
6.455 166.146
6.484 166.484
6.512 166.819
6.540 167.150
6.568 167.477
6.596 167.803
6.625 168.127
6.653 168.447
6.681 168.763
6.709 169.078
6.738 169.391
6.766 169.701
6.794 170.006
6.822 170.311
6.851 170.614
6.879 170.914
6.907 171.209
6.935 171.504
6.963 171.797
6.992 172.087
7.020 172.373
7.048 172.658
7.076 172.942
7.104 173.223
7.133 173.500
7.161 173.777
7.189 174.051
7.217 174.324
7.246 174.594
7.274 174.860
7.302 175.126
7.330 175.390
7.359 175.653
7.387 175.910
7.415 176.168
7.443 176.425
7.471 176.679
7.500 176.929
7.528 177.179
7.556 177.428
7.584 177.675
7.613 177.917
7.641 178.161
7.669 178.402
7.697 178.641
7.726 178.877
7.754 179.113
7.782 179.347
7.810 179.580
7.838 179.809
7.867 180.038
7.895 180.266
7.923 180.492
7.951 180.717
7.979 180.937
8.008 181.159
8.036 181.378
8.064 181.597
8.092 181.811
8.121 182.026
8.149 182.240
8.177 182.452
8.205 182.661
8.233 182.870
8.262 183.078
8.290 183.285
8.318 183.488
8.346 183.692
8.375 183.894
8.403 184.095
8.431 184.293
8.459 184.491
8.488 184.688
8.516 184.884
8.544 185.076
8.572 185.269
8.600 185.461
8.629 185.652
8.657 185.841
8.685 186.027
8.713 186.214
8.742 186.400
8.770 186.584
8.798 186.766
8.826 186.948
8.854 187.129
8.883 187.309
8.911 187.485
8.939 187.663
8.967 187.840
8.995 188.015
9.024 188.187
9.052 188.360
9.080 188.533
9.108 188.704
9.137 188.872
9.165 189.041
9.193 189.209
9.221 189.376
9.250 189.539
9.278 189.704
9.306 189.868
9.334 190.031
9.362 190.193
9.391 190.352
9.419 190.512
9.447 190.671
9.475 190.829
9.504 190.984
9.532 191.141
9.560 191.296
9.588 191.450
9.617 191.602
9.645 191.754
9.673 191.906
9.701 192.057
9.729 192.205
9.758 192.354
9.786 192.502
9.814 192.650
9.842 192.794
9.870 192.940
9.899 193.085
9.927 193.229
9.955 193.370
9.983 193.513
10.012 193.654
10.040 193.795
10.068 193.935
10.096 194.072
10.124 194.211
10.153 194.349
10.181 194.486
10.209 194.620
10.237 194.755
10.266 194.890
10.294 195.024
10.322 195.155
10.350 195.288
10.379 195.420
10.407 195.551
10.435 195.679
10.463 195.809
10.491 195.938
10.520 196.066
10.548 196.192
10.576 196.319
10.604 196.445
10.633 196.571
10.661 196.694
10.689 196.818
10.717 196.942
10.745 197.065
10.774 197.187
10.802 197.307
10.830 197.428
10.858 197.548
10.886 197.668
10.915 197.785
10.943 197.904
10.971 198.022
10.999 198.139
11.028 198.254
11.056 198.370
11.084 198.486
11.112 198.601
11.141 198.714
11.169 198.827
11.197 198.941
11.225 199.053
11.254 199.164
11.282 199.275
11.310 199.386
11.338 199.497
11.366 199.605
11.395 199.714
11.423 199.823
11.451 199.931
11.479 200.039
11.508 200.145
11.536 200.251
11.564 200.357
11.592 200.463
11.620 200.567
11.649 200.671
11.677 200.775
11.705 200.879
11.733 200.980
11.761 201.083
11.790 201.185
11.818 201.287
11.846 201.386
11.874 201.487
11.903 201.587
11.931 201.687
11.959 201.785
11.987 201.884
12.015 201.982
12.044 202.080
12.072 202.176
12.100 202.273
12.128 202.369
12.157 202.465
12.185 202.561
12.213 202.654
12.241 202.749
12.270 202.844
12.298 202.937
12.326 203.029
12.354 203.122
12.382 203.215
12.411 203.307
12.439 203.397
12.467 203.489
12.495 203.580
12.524 203.670
12.552 203.759
12.580 203.848
12.608 203.938
12.636 204.027
12.665 204.114
12.693 204.202
12.721 204.290
12.749 204.377
12.778 204.462
12.806 204.549
12.834 204.635
12.862 204.721
12.890 204.807
12.919 204.890
12.947 204.975
12.975 205.059
13.003 205.143
13.032 205.225
13.060 205.309
13.088 205.392
13.116 205.474
13.145 205.555
13.173 205.637
13.201 205.718
13.229 205.799
13.257 205.879
13.286 205.959
13.314 206.039
13.342 206.119
13.370 206.197
13.399 206.276
13.427 206.355
13.455 206.433
13.483 206.510
13.511 206.588
13.540 206.665
13.568 206.742
13.596 206.819
13.624 206.894
13.652 206.970
13.681 207.046
13.709 207.122
13.737 207.196
13.765 207.271
13.794 207.345
13.822 207.420
13.850 207.492
13.878 207.566
13.906 207.640
13.935 207.713
13.963 207.784
13.991 207.857
14.019 207.929
14.048 208.001
14.076 208.071
14.104 208.143
14.132 208.214
14.161 208.285
14.189 208.354
14.217 208.424
14.245 208.494
14.273 208.564
14.302 208.633
14.330 208.701
14.358 208.770
14.386 208.839
14.415 208.907
14.443 208.974
14.471 209.041
14.499 209.109
14.527 209.176
14.556 209.242
14.584 209.309
14.612 209.375
14.640 209.442
14.669 209.506
14.697 209.572
14.725 209.638
14.753 209.703
14.781 209.767
14.810 209.831
14.838 209.896
14.866 209.960
14.894 210.023
14.923 210.087
14.951 210.150
14.979 210.214
15.007 210.277
15.036 210.338
15.064 210.401
15.092 210.463
15.120 210.525
15.148 210.586
15.177 210.648
15.205 210.709
15.233 210.770
15.261 210.830
15.290 210.891
15.318 210.951
15.346 211.012
15.374 211.070
15.402 211.130
15.431 211.190
15.459 211.250
15.487 211.307
15.515 211.366
15.543 211.425
15.572 211.484
15.600 211.541
15.628 211.599
15.656 211.657
15.685 211.715
15.713 211.773
15.741 211.829
15.769 211.886
15.797 211.943
15.826 211.999
15.854 212.055
15.882 212.111
15.910 212.167
15.939 212.223
15.967 212.278
15.995 212.333
16.023 212.388
16.052 212.444
16.080 212.497
16.108 212.552
16.136 212.607
16.164 212.661
16.193 212.714
16.221 212.768
16.249 212.822
16.277 212.876
16.306 212.928
16.334 212.981
16.362 213.034
16.390 213.087
16.418 213.140
16.447 213.191
16.475 213.243
16.503 213.296
16.531 213.348
16.560 213.398
16.588 213.450
16.616 213.501
16.644 213.553
16.672 213.603
16.701 213.654
16.729 213.704
16.757 213.755
16.785 213.804
16.814 213.855
16.842 213.905
16.870 213.955
16.898 214.003
16.927 214.053
16.955 214.102
16.983 214.152
17.011 214.199
17.039 214.248
17.068 214.297
17.096 214.346
17.124 214.394
17.152 214.441
17.180 214.490
17.209 214.538
17.237 214.586
17.265 214.632
17.293 214.680
17.322 214.727
17.350 214.774
17.378 214.820
17.406 214.867
17.434 214.914
17.463 214.960
17.491 215.006
17.519 215.052
17.547 215.098
17.576 215.144
17.604 215.189
17.632 215.235
17.660 215.280
17.689 215.326
17.717 215.370
17.745 215.415
17.773 215.460
17.801 215.505
17.830 215.550
17.858 215.593
17.886 215.638
17.914 215.682
17.942 215.726
17.971 215.769
17.999 215.813
18.027 215.857
18.055 215.900
18.084 215.942
18.112 215.986
18.140 216.029
18.168 216.072
18.197 216.114
18.225 216.157
18.253 216.199
18.281 216.242
18.309 216.283
18.338 216.326
18.366 216.368
18.394 216.410
18.422 216.451
18.451 216.492
18.479 216.534
18.507 216.576
18.535 216.617
18.564 216.657
18.592 216.698
18.620 216.739
18.648 216.780
18.676 216.820
18.705 216.861
18.733 216.901
18.761 216.941
18.789 216.981
18.817 217.021
18.846 217.061
18.874 217.101
18.902 217.139
18.930 217.179
18.959 217.219
18.987 217.258
19.015 217.296
19.043 217.336
19.072 217.375
19.100 217.414
19.128 217.452
19.156 217.490
19.184 217.529
19.213 217.568
19.241 217.606
19.269 217.643
19.297 217.681
19.326 217.720
19.354 217.758
19.382 217.794
19.410 217.832
19.438 217.870
19.467 217.907
19.495 217.944
19.523 217.981
19.551 218.018
19.579 218.055
19.608 218.091
19.636 218.128
19.664 218.165
19.692 218.202
19.721 218.237
19.749 218.274
19.777 218.310
19.805 218.346
19.834 218.381
19.862 218.417
19.890 218.453
19.918 218.489
19.946 218.525
19.975 218.560
20.003 218.595
20.031 218.631
20.059 218.666
20.088 218.700
20.116 218.735
20.144 218.771
20.172 218.806
20.201 218.839
20.229 218.874
20.257 218.909
20.285 218.943
20.313 218.977
20.342 219.011
20.370 219.046
20.398 219.080
20.426 219.113
20.454 219.147
20.483 219.181
20.511 219.215
20.539 219.247
20.567 219.281
20.596 219.315
20.624 219.348
20.652 219.381
20.680 219.414
20.709 219.447
20.737 219.480
20.765 219.513
20.793 219.545
20.821 219.578
20.850 219.610
20.878 219.643
20.906 219.675
20.934 219.707
20.962 219.739
20.991 219.772
21.019 219.803
21.047 219.835
21.075 219.867
21.104 219.899
21.132 219.930
21.160 219.962
21.188 219.994
21.216 220.025
21.245 220.056
21.273 220.087
21.301 220.119
21.329 220.150
21.358 220.181
21.386 220.211
21.414 220.242
21.442 220.273
21.471 220.304
21.499 220.334
21.527 220.365
21.555 220.395
21.583 220.426
21.612 220.455
21.640 220.486
21.668 220.516
21.696 220.546
21.725 220.575
21.753 220.606
21.781 220.636
21.809 220.666
21.837 220.694
21.866 220.724
21.894 220.754
21.922 220.784
21.950 220.812
21.979 220.842
22.007 220.871
22.035 220.900
22.063 220.930
22.091 220.958
22.120 220.987
22.148 221.016
22.176 221.045
22.204 221.073
22.233 221.102
22.261 221.130
22.289 221.159
22.317 221.187
22.346 221.215
22.374 221.244
22.402 221.272
22.430 221.299
22.458 221.328
22.487 221.356
22.515 221.384
22.543 221.411
22.571 221.439
22.599 221.467
22.628 221.495
22.656 221.521
22.684 221.549
22.712 221.577
22.741 221.604
22.769 221.632
22.797 221.658
22.825 221.686
22.854 221.713
22.882 221.740
22.910 221.766
22.938 221.793
22.966 221.820
22.995 221.847
23.023 221.873
23.051 221.900
23.079 221.927
23.108 221.953
23.136 221.979
23.164 222.006
23.192 222.032
23.220 222.059
23.249 222.084
23.277 222.110
23.305 222.137
23.333 222.163
23.362 222.188
23.390 222.214
23.418 222.240
23.446 222.266
23.474 222.292
23.503 222.317
23.531 222.342
23.559 222.368
23.587 222.394
23.616 222.418
23.644 222.444
23.672 222.469
23.700 222.494
23.729 222.519
23.757 222.544
23.785 222.569
23.813 222.594
23.841 222.619
23.870 222.644
23.898 222.669
23.926 222.693
23.954 222.717
23.983 222.742
24.011 222.767
24.039 222.792
24.067 222.815
24.095 222.840
24.124 222.864
24.152 222.889
24.180 222.913
24.208 222.937
24.236 222.961
24.265 222.985
24.293 223.009
24.321 223.032
24.349 223.056
24.378 223.080
24.406 223.104
24.434 223.127
24.462 223.151
24.491 223.175
24.519 223.199
24.547 223.221
24.575 223.245
24.603 223.268
24.632 223.292
24.660 223.315
24.688 223.338
24.716 223.361
24.744 223.385
24.773 223.407
24.801 223.430
24.829 223.453
24.857 223.476
24.886 223.499
24.914 223.521
24.942 223.544
24.970 223.567
24.998 223.590
25.027 223.612
25.055 223.635
25.083 223.657
25.111 223.680
25.140 223.702
25.168 223.724
25.196 223.746
25.224 223.769
25.253 223.790
25.281 223.813
25.309 223.835
25.337 223.857
25.366 223.878
25.394 223.901
25.422 223.923
25.450 223.945
25.478 223.966
25.507 223.988
25.535 224.010
25.563 224.031
25.591 224.053
25.619 224.074
25.648 224.096
25.676 224.117
25.704 224.139
25.732 224.160
25.761 224.181
25.789 224.203
25.817 224.224
25.845 224.244
25.873 224.266
25.902 224.287
25.930 224.308
25.958 224.328
25.986 224.350
26.015 224.371
26.043 224.392
26.071 224.412
26.099 224.433
26.128 224.454
26.156 224.475
26.184 224.495
26.212 224.515
26.240 224.536
26.269 224.557
26.297 224.577
26.325 224.597
26.353 224.618
26.381 224.638
26.410 224.659
26.438 224.678
26.466 224.698
26.494 224.719
26.523 224.739
26.551 224.758
26.579 224.779
26.607 224.799
26.636 224.819
26.664 224.838
26.692 224.858
26.720 224.878
26.748 224.898
26.777 224.917
26.805 224.937
26.833 224.957
26.861 224.977
26.890 224.996
26.918 225.015
26.946 225.035
26.974 225.054
27.002 225.074
27.031 225.093
27.059 225.112
27.087 225.132
27.115 225.151
27.144 225.170
27.172 225.189
27.200 225.208
27.228 225.227
27.256 225.246
27.285 225.265
27.313 225.284
27.341 225.303
27.369 225.321
27.398 225.341
27.426 225.359
27.454 225.378
27.482 225.396
27.511 225.415
27.539 225.434
27.567 225.453
27.595 225.471
27.623 225.490
27.652 225.508
27.680 225.527
27.708 225.545
27.736 225.563
27.765 225.582
27.793 225.600
27.821 225.619
27.849 225.636
27.877 225.655
27.906 225.673
27.934 225.691
27.962 225.709
27.990 225.727
28.018 225.745
28.047 225.763
28.075 225.781
28.103 225.799
28.131 225.817
28.160 225.835
28.188 225.852
28.216 225.870
28.244 225.888
28.273 225.906
28.301 225.923
28.329 225.940
28.357 225.958
28.385 225.976
28.414 225.994
28.442 226.010
28.470 226.028
28.498 226.046
28.526 226.063
28.555 226.080
28.583 226.097
28.611 226.115
28.639 226.132
28.668 226.149
28.696 226.166
28.724 226.183
28.752 226.201
28.781 226.217
28.809 226.234
28.837 226.251
28.865 226.269
28.893 226.285
28.922 226.302
28.950 226.319
28.978 226.336
29.006 226.352
29.035 226.369
29.063 226.386
29.091 226.403
29.119 226.420
29.148 226.436
29.176 226.453
29.204 226.469
29.232 226.486
29.260 226.502
29.289 226.519
29.317 226.535
29.345 226.552
29.373 226.568
29.401 226.584
29.430 226.601
29.458 226.617
29.486 226.633
29.514 226.649
29.543 226.666
29.571 226.682
29.599 226.697
29.627 226.714
29.655 226.730
29.684 226.746
29.712 226.762
29.740 226.778
29.768 226.794
29.797 226.810
29.825 226.826
29.853 226.841
29.881 226.857
29.910 226.873
29.938 226.889
29.966 226.904
29.994 226.920
30.022 226.936
30.051 226.952
30.079 226.967
30.107 226.983
30.135 226.998
30.163 227.014
30.192 227.029
30.220 227.045
30.248 227.060
30.276 227.076
30.305 227.091
30.333 227.106
30.361 227.122
30.389 227.137
30.418 227.152
30.446 227.167
30.474 227.183
30.502 227.198
30.530 227.213
30.559 227.228
30.587 227.243
30.615 227.258
30.643 227.274
30.672 227.288
30.700 227.303
30.728 227.318
30.756 227.333
30.785 227.348
30.813 227.363
30.841 227.378
30.869 227.393
30.897 227.407
30.926 227.422
30.954 227.437
30.982 227.452
31.010 227.466
31.038 227.481
31.067 227.496
31.095 227.510
31.123 227.524
31.151 227.539
31.180 227.554
31.208 227.569
31.236 227.583
31.264 227.597
31.293 227.612
31.321 227.626
31.349 227.641
31.377 227.655
31.405 227.669
31.434 227.684
31.462 227.698
31.490 227.712
31.518 227.726
31.547 227.740
31.575 227.755
31.603 227.768
31.631 227.783
31.659 227.797
31.688 227.811
31.716 227.825
31.744 227.839
31.772 227.853
31.800 227.867
31.829 227.881
31.857 227.895
31.885 227.909
31.913 227.923
31.942 227.937
31.970 227.950
31.998 227.964
32.026 227.978
32.054 227.992
32.083 228.005
32.111 228.019
32.139 228.033
32.167 228.047
32.196 228.060
32.224 228.073
32.252 228.087
32.280 228.101
32.309 228.114
32.337 228.128
32.365 228.141
32.393 228.155
32.422 228.168
32.450 228.181
32.478 228.195
32.506 228.208
32.534 228.221
32.563 228.235
32.591 228.248
32.619 228.262
32.647 228.275
32.675 228.288
32.704 228.301
32.732 228.314
32.760 228.328
32.788 228.340
32.817 228.354
32.845 228.367
32.873 228.380
32.901 228.393
32.929 228.406
32.958 228.419
32.986 228.432
33.014 228.445
33.042 228.458
33.071 228.471
33.099 228.484
33.127 228.496
33.155 228.509
33.184 228.522
33.212 228.535
33.240 228.547
33.268 228.560
33.296 228.573
33.325 228.586
33.353 228.599
33.381 228.611
33.409 228.624
33.438 228.637
33.466 228.649
33.494 228.662
33.522 228.674
33.550 228.687
33.579 228.700
33.607 228.712
33.635 228.724
33.663 228.737
33.691 228.750
33.720 228.761
33.748 228.774
33.776 228.787
33.804 228.799
33.833 228.811
33.861 228.823
33.889 228.836
33.917 228.848
33.946 228.860
33.974 228.872
34.002 228.885
34.030 228.897
34.058 228.909
34.087 228.921
34.115 228.933
34.143 228.946
34.171 228.958
34.200 228.969
34.228 228.982
34.256 228.994
34.284 229.006
34.312 229.018
34.341 229.030
34.369 229.042
34.397 229.054
34.425 229.065
34.454 229.077
34.482 229.089
34.510 229.101
34.538 229.113
34.566 229.125
34.595 229.137
34.623 229.149
34.651 229.160
34.679 229.172
34.708 229.184
34.736 229.196
34.764 229.207
34.792 229.219
34.821 229.230
34.849 229.242
34.877 229.254
34.905 229.265
34.933 229.277
34.962 229.288
34.990 229.300
35.018 229.311
35.046 229.323
35.075 229.334
35.103 229.346
35.131 229.357
35.159 229.369
35.187 229.380
35.216 229.392
35.244 229.403
35.272 229.414
35.300 229.426
35.328 229.437
35.357 229.448
35.385 229.459
35.413 229.471
35.441 229.482
35.470 229.493
35.498 229.504
35.526 229.515
35.554 229.527
35.583 229.538
35.611 229.549
35.639 229.560
35.667 229.571
35.695 229.582
35.724 229.593
35.752 229.604
35.780 229.615
35.808 229.627
35.837 229.637
35.865 229.648
35.893 229.659
35.921 229.670
35.950 229.681
35.978 229.692
36.006 229.703
36.034 229.714
36.062 229.724
36.091 229.735
36.119 229.746
36.147 229.757
36.175 229.768
36.203 229.779
36.232 229.789
36.260 229.800
36.288 229.811
36.316 229.821
36.345 229.832
36.373 229.843
36.401 229.854
36.429 229.864
36.458 229.875
36.486 229.886
36.514 229.896
36.542 229.906
36.570 229.917
36.599 229.928
36.627 229.939
36.655 229.949
36.683 229.959
36.712 229.970
36.740 229.980
36.768 229.990
36.796 230.001
36.824 230.012
36.853 230.022
36.881 230.033
36.909 230.043
36.937 230.053
36.965 230.064
36.994 230.074
37.022 230.084
37.050 230.094
37.078 230.105
37.107 230.115
37.135 230.125
37.163 230.135
37.191 230.146
37.219 230.156
37.248 230.166
37.276 230.176
37.304 230.186
37.332 230.197
37.361 230.206
37.389 230.216
37.417 230.227
37.445 230.237
37.474 230.246
37.502 230.257
37.530 230.267
37.558 230.277
37.586 230.287
37.615 230.297
37.643 230.307
37.671 230.317
37.699 230.327
37.728 230.336
37.756 230.346
37.784 230.356
37.812 230.366
37.840 230.376
37.869 230.386
37.897 230.396
37.925 230.406
37.953 230.415
37.982 230.425
38.010 230.435
38.038 230.445
38.066 230.454
38.094 230.464
38.123 230.474
38.151 230.484
38.179 230.493
38.207 230.503
38.236 230.513
38.264 230.522
38.292 230.532
38.320 230.541
38.349 230.551
38.377 230.561
38.405 230.571
38.433 230.580
38.461 230.589
38.490 230.599
38.518 230.609
38.546 230.618
38.574 230.627
38.602 230.637
38.631 230.647
38.659 230.656
38.687 230.665
38.715 230.675
38.744 230.684
38.772 230.693
38.800 230.703
38.828 230.712
38.856 230.722
38.885 230.731
38.913 230.740
38.941 230.750
38.969 230.759
38.998 230.768
39.026 230.777
39.054 230.787
39.082 230.796
39.111 230.805
39.139 230.814
39.167 230.824
39.195 230.833
39.223 230.842
39.252 230.851
39.280 230.860
39.308 230.869
39.336 230.879
39.365 230.887
39.393 230.897
39.421 230.906
39.449 230.915
39.477 230.924
39.506 230.933
39.534 230.942
39.562 230.951
39.590 230.960
39.619 230.969
39.647 230.978
39.675 230.987
39.703 230.996
39.731 231.005
39.760 231.014
39.788 231.023
39.816 231.032
39.844 231.040
39.873 231.049
39.901 231.058
39.929 231.067
39.957 231.076
39.986 231.085
40.014 231.094
40.042 231.103
40.070 231.111
40.098 231.120
40.127 231.129
40.155 231.138
40.183 231.146
40.211 231.155
40.239 231.164
40.268 231.173
40.296 231.181
40.324 231.190
40.352 231.198
40.381 231.207
40.409 231.216
40.437 231.224
40.465 231.233
40.493 231.242
40.522 231.251
40.550 231.259
40.578 231.267
40.606 231.276
40.635 231.285
40.663 231.293
40.691 231.302
40.719 231.310
40.748 231.319
40.776 231.327
40.804 231.336
40.832 231.344
40.860 231.353
40.889 231.361
40.917 231.369
40.945 231.378
40.973 231.386
41.002 231.394
41.030 231.403
41.058 231.411
41.086 231.420
41.114 231.428
41.143 231.436
41.171 231.445
41.199 231.453
41.227 231.462
41.256 231.470
41.284 231.478
41.312 231.486
41.340 231.495
41.368 231.503
41.397 231.511
41.425 231.519
41.453 231.528
41.481 231.535
41.510 231.544
41.538 231.552
41.566 231.560
41.594 231.568
41.623 231.576
41.651 231.585
41.679 231.593
41.707 231.601
41.735 231.609
41.764 231.617
41.792 231.625
41.820 231.634
41.848 231.641
41.877 231.649
41.905 231.658
41.933 231.666
41.961 231.673
41.989 231.681
42.018 231.690
42.046 231.698
42.074 231.705
42.102 231.713
42.130 231.721
42.159 231.729
42.187 231.737
42.215 231.745
42.243 231.753
42.272 231.761
42.300 231.769
42.328 231.777
42.356 231.785
42.385 231.793
42.413 231.800
42.441 231.808
42.469 231.816
42.497 231.824
42.526 231.832
42.554 231.839
42.582 231.847
42.610 231.855
42.639 231.863
42.667 231.870
42.695 231.878
42.723 231.886
42.751 231.894
42.780 231.901
42.808 231.909
42.836 231.917
42.864 231.925
42.893 231.932
42.921 231.940
42.949 231.948
42.977 231.955
43.005 231.963
43.034 231.970
43.062 231.978
43.090 231.986
43.118 231.993
43.147 232.001
43.175 232.008
43.203 232.016
43.231 232.024
43.260 232.031
43.288 232.039
43.316 232.046
43.344 232.054
43.372 232.061
43.401 232.069
43.429 232.076
43.457 232.084
43.485 232.091
43.514 232.098
43.542 232.106
43.570 232.114
43.598 232.121
43.626 232.128
43.655 232.136
43.683 232.143
43.711 232.150
43.739 232.158
43.767 232.165
43.796 232.173
43.824 232.180
43.852 232.187
43.880 232.195
43.909 232.202
43.937 232.209
43.965 232.216
43.993 232.224
44.022 232.231
44.050 232.239
44.078 232.245
44.106 232.253
44.134 232.260
44.163 232.268
44.191 232.274
44.219 232.282
44.247 232.289
44.276 232.296
44.304 232.303
44.332 232.310
44.360 232.318
44.388 232.325
44.417 232.332
44.445 232.339
44.473 232.346
44.501 232.354
44.530 232.360
44.558 232.368
44.586 232.375
44.614 232.382
44.642 232.389
44.671 232.396
44.699 232.403
44.727 232.410
44.755 232.417
44.784 232.424
44.812 232.431
44.840 232.438
44.868 232.446
44.897 232.452
44.925 232.459
44.953 232.466
44.981 232.474
45.009 232.480
45.038 232.487
45.066 232.494
45.094 232.501
45.122 232.508
45.151 232.515
45.179 232.522
45.207 232.529
45.235 232.535
45.263 232.542
45.292 232.550
45.320 232.556
45.348 232.563
45.376 232.570
45.404 232.577
45.433 232.584
45.461 232.591
45.489 232.597
45.517 232.604
45.546 232.611
45.574 232.618
45.602 232.624
45.630 232.631
45.658 232.638
45.687 232.645
45.715 232.652
45.743 232.658
45.771 232.665
45.800 232.672
45.828 232.678
45.856 232.685
45.884 232.692
45.913 232.699
45.941 232.705
45.969 232.712
45.997 232.719
46.025 232.726
46.054 232.732
46.082 232.739
46.110 232.745
46.138 232.752
46.166 232.759
46.195 232.765
46.223 232.772
46.251 232.779
46.279 232.785
46.308 232.792
46.336 232.798
46.364 232.805
46.392 232.812
46.421 232.818
46.449 232.824
46.477 232.831
46.505 232.838
46.533 232.844
46.562 232.850
46.590 232.857
46.618 232.864
46.646 232.870
46.675 232.876
46.703 232.883
46.731 232.890
46.759 232.896
46.788 232.902
46.816 232.909
46.844 232.915
46.872 232.922
46.900 232.928
46.929 232.934
46.957 232.941
46.985 232.948
47.013 232.954
47.041 232.960
47.070 232.967
47.098 232.973
47.126 232.979
47.154 232.985
47.183 232.992
47.211 232.998
47.239 233.004
47.267 233.011
47.295 233.017
47.324 233.024
47.352 233.030
47.380 233.036
47.408 233.042
47.437 233.049
47.465 233.055
47.493 233.061
47.521 233.067
47.550 233.074
47.578 233.080
47.606 233.086
47.634 233.092
47.662 233.099
47.691 233.105
47.719 233.111
47.747 233.117
47.775 233.123
47.803 233.130
47.832 233.135
47.860 233.142
47.888 233.148
47.916 233.154
47.945 233.160
47.973 233.166
48.001 233.173
48.029 233.179
48.058 233.185
48.086 233.191
48.114 233.197
48.142 233.203
48.170 233.209
48.199 233.215
48.227 233.221
48.255 233.227
48.283 233.234
48.312 233.239
48.340 233.245
48.368 233.252
48.396 233.258
48.425 233.263
48.453 233.270
48.481 233.276
48.509 233.282
48.537 233.287
48.566 233.294
48.594 233.300
48.622 233.306
48.650 233.311
48.678 233.317
48.707 233.323
48.735 233.329
48.763 233.335
48.791 233.341
48.820 233.347
48.848 233.353
48.876 233.359
48.904 233.365
48.932 233.371
48.961 233.377
48.989 233.383
49.017 233.388
49.045 233.394
49.074 233.400
49.102 233.406
49.130 233.412
49.158 233.418
49.187 233.424
49.215 233.430
49.243 233.435
49.271 233.441
49.299 233.447
49.328 233.453
49.356 233.458
49.384 233.464
49.412 233.470
49.441 233.476
49.469 233.481
49.497 233.487
49.525 233.493
49.553 233.499
49.582 233.505
49.610 233.510
49.638 233.516
49.666 233.522
49.694 233.528
49.723 233.533
49.751 233.539
49.779 233.545
49.807 233.550
49.836 233.556
49.864 233.562
49.892 233.567
49.920 233.573
49.949 233.578
49.977 233.584
50.005 233.590
50.033 233.596
50.062 233.601
50.090 233.607
50.118 233.612
50.146 233.618
50.174 233.623
50.203 233.629
50.231 233.635
50.259 233.641
50.287 233.646
50.316 233.651
50.344 233.657
50.372 233.663
50.400 233.668
50.428 233.674
50.457 233.679
50.485 233.685
50.513 233.691
50.541 233.696
50.569 233.701
50.598 233.707
50.626 233.713
50.654 233.718
50.682 233.723
50.711 233.729
50.739 233.735
50.767 233.740
50.795 233.745
50.824 233.751
50.852 233.756
50.880 233.762
50.908 233.767
50.936 233.773
50.965 233.778
50.993 233.784
51.021 233.789
51.049 233.794
51.078 233.800
51.106 233.805
51.134 233.810
51.162 233.816
51.190 233.821
51.219 233.827
51.247 233.832
51.275 233.837
51.303 233.843
51.331 233.848
51.360 233.853
51.388 233.859
51.416 233.864
51.444 233.870
51.473 233.875
51.501 233.880
51.529 233.886
51.557 233.891
51.586 233.896
51.614 233.901
51.642 233.907
51.670 233.912
51.698 233.918
51.727 233.923
51.755 233.928
51.783 233.933
51.811 233.939
51.840 233.944
51.868 233.949
51.896 233.954
51.924 233.960
51.953 233.964
51.981 233.970
52.009 233.975
52.037 233.980
52.065 233.985
52.094 233.991
52.122 233.996
52.150 234.001
52.178 234.006
52.206 234.011
52.235 234.017
52.263 234.022
52.291 234.027
52.319 234.032
52.348 234.037
52.376 234.043
52.404 234.048
52.432 234.053
52.461 234.058
52.489 234.063
52.517 234.068
52.545 234.073
52.573 234.078
52.602 234.083
52.630 234.089
52.658 234.093
52.686 234.099
52.715 234.104
52.743 234.109
52.771 234.114
52.799 234.119
52.827 234.124
52.856 234.129
52.884 234.134
52.912 234.139
52.940 234.144
52.968 234.149
52.997 234.154
53.025 234.159
53.053 234.164
53.081 234.169
53.110 234.175
53.138 234.179
53.166 234.184
53.194 234.189
53.222 234.194
53.251 234.199
53.279 234.204
53.307 234.209
53.335 234.214
53.364 234.219
53.392 234.224
53.420 234.229
53.448 234.234
53.477 234.239
53.505 234.244
53.533 234.249
53.561 234.254
53.590 234.258
53.618 234.263
53.646 234.268
53.674 234.273
53.702 234.278
53.731 234.283
53.759 234.288
53.787 234.293
53.815 234.298
53.843 234.302
53.872 234.307
53.900 234.312
53.928 234.317
53.956 234.322
53.985 234.327
54.013 234.332
54.041 234.337
54.069 234.341
54.097 234.346
54.126 234.351
54.154 234.356
54.182 234.360
54.210 234.365
54.239 234.370
54.267 234.375
54.295 234.380
54.323 234.384
54.352 234.389
54.380 234.394
54.408 234.399
54.436 234.404
54.464 234.408
54.493 234.413
54.521 234.418
54.549 234.423
54.577 234.427
54.605 234.432
54.634 234.437
54.662 234.441
54.690 234.446
54.718 234.451
54.747 234.456
54.775 234.460
54.803 234.465
54.831 234.470
54.859 234.475
54.888 234.479
54.916 234.484
54.944 234.489
54.972 234.493
55.001 234.498
55.029 234.502
55.057 234.507
55.085 234.512
55.114 234.516
55.142 234.521
55.170 234.526
55.198 234.531
55.226 234.535
55.255 234.540
55.283 234.544
55.311 234.549
55.339 234.554
55.368 234.558
55.396 234.563
55.424 234.567
55.452 234.572
55.480 234.576
55.509 234.581
55.537 234.586
55.565 234.590
55.593 234.595
55.622 234.599
55.650 234.604
55.678 234.609
55.706 234.613
55.734 234.618
55.763 234.622
55.791 234.627
55.819 234.631
55.847 234.636
55.876 234.640
55.904 234.645
55.932 234.649
55.960 234.654
55.989 234.658
56.017 234.663
56.045 234.667
56.073 234.672
56.101 234.676
56.130 234.681
56.158 234.685
56.186 234.690
56.214 234.694
56.242 234.699
56.271 234.703
56.299 234.707
56.327 234.712
56.355 234.716
56.384 234.721
56.412 234.725
56.440 234.730
56.468 234.734
56.496 234.739
56.525 234.743
56.553 234.747
56.581 234.752
56.609 234.756
56.638 234.761
56.666 234.765
56.694 234.769
56.722 234.774
56.751 234.778
56.779 234.782
56.807 234.787
56.835 234.791
56.863 234.796
56.892 234.800
56.920 234.804
56.948 234.809
56.976 234.813
57.005 234.817
57.033 234.822
57.061 234.826
57.089 234.831
57.117 234.835
57.146 234.839
57.174 234.843
57.202 234.848
57.230 234.852
57.259 234.856
57.287 234.861
57.315 234.865
57.343 234.869
57.371 234.873
57.400 234.878
57.428 234.882
57.456 234.887
57.484 234.890
57.513 234.895
57.541 234.899
57.569 234.904
57.597 234.908
57.626 234.912
57.654 234.916
57.682 234.921
57.710 234.924
57.738 234.929
57.767 234.933
57.795 234.937
57.823 234.941
57.851 234.946
57.880 234.950
57.908 234.954
57.936 234.958
57.964 234.963
57.992 234.967
58.021 234.971
58.049 234.975
58.077 234.979
58.105 234.984
58.133 234.988
58.162 234.992
58.190 234.996
58.218 235.000
58.246 235.004
58.275 235.009
58.303 235.013
58.331 235.017
58.359 235.021
58.388 235.025
58.416 235.029
58.444 235.033
58.472 235.038
58.500 235.042
58.529 235.046
58.557 235.050
58.585 235.054
58.613 235.058
58.642 235.062
58.670 235.066
58.698 235.070
58.726 235.075
58.754 235.079
58.783 235.083
58.811 235.087
58.839 235.091
58.867 235.095
58.896 235.099
58.924 235.103
58.952 235.107
58.980 235.111
59.008 235.115
59.037 235.119
59.065 235.123
59.093 235.128
59.121 235.131
59.150 235.135
59.178 235.140
59.206 235.144
59.234 235.147
59.263 235.151
59.291 235.156
59.319 235.160
59.347 235.163
59.375 235.167
59.404 235.172
59.432 235.176
59.460 235.180
59.488 235.183
59.517 235.188
59.545 235.192
59.573 235.196
59.601 235.199
59.629 235.203
59.658 235.207
59.686 235.212
59.714 235.215
59.742 235.219
59.770 235.223
59.799 235.227
59.827 235.231
59.855 235.235
59.883 235.239
59.912 235.243
59.940 235.247
59.968 235.251
59.996 235.255
60.025 235.259
60.053 235.262
60.081 235.266
60.109 235.270
60.137 235.274
60.166 235.278
60.194 235.282
60.222 235.286
60.250 235.290
60.279 235.294
60.307 235.297
60.335 235.301
60.363 235.305
60.391 235.309
60.420 235.313
60.448 235.317
60.476 235.321
60.504 235.325
60.533 235.328
60.561 235.332
60.589 235.336
60.617 235.340
60.645 235.344
60.674 235.348
60.702 235.352
60.730 235.356
60.758 235.359
60.787 235.363
60.815 235.367
60.843 235.371
60.871 235.375
60.900 235.378
60.928 235.382
60.956 235.386
60.984 235.390
61.012 235.393
61.041 235.397
61.069 235.401
61.097 235.405
61.125 235.408
61.154 235.412
61.182 235.416
61.210 235.420
61.238 235.424
61.266 235.427
61.295 235.431
61.323 235.435
61.351 235.439
61.379 235.442
61.407 235.446
61.436 235.450
61.464 235.454
61.492 235.457
61.520 235.461
61.549 235.465
61.577 235.469
61.605 235.472
61.633 235.476
61.661 235.480
61.690 235.484
61.718 235.487
61.746 235.491
61.774 235.495
61.803 235.498
61.831 235.502
61.859 235.506
61.887 235.509
61.916 235.513
61.944 235.517
61.972 235.520
62.000 235.524
62.028 235.528
62.057 235.531
62.085 235.535
62.113 235.539
62.141 235.542
62.170 235.546
62.198 235.550
62.226 235.553
62.254 235.557
62.282 235.561
62.311 235.564
62.339 235.568
62.367 235.572
62.395 235.575
62.424 235.579
62.452 235.582
62.480 235.586
62.508 235.590
62.536 235.593
62.565 235.597
62.593 235.600
62.621 235.604
62.649 235.607
62.678 235.611
62.706 235.615
62.734 235.618
62.762 235.622
62.791 235.625
62.819 235.629
62.847 235.633
62.875 235.636
62.903 235.640
62.932 235.643
62.960 235.647
62.988 235.651
63.016 235.654
63.044 235.658
63.073 235.661
63.101 235.665
63.129 235.668
63.157 235.672
63.186 235.675
63.214 235.679
63.242 235.682
63.270 235.686
63.298 235.689
63.327 235.693
63.355 235.696
63.383 235.700
63.411 235.704
63.440 235.707
63.468 235.710
63.496 235.714
63.524 235.717
63.553 235.721
63.581 235.724
63.609 235.728
63.637 235.731
63.665 235.735
63.694 235.739
63.722 235.742
63.750 235.745
63.778 235.749
63.806 235.752
63.835 235.756
63.863 235.759
63.891 235.763
63.919 235.766
63.948 235.769
63.976 235.773
64.004 235.777
64.032 235.780
64.061 235.783
64.089 235.787
64.117 235.790
64.145 235.794
64.174 235.797
64.202 235.800
64.230 235.804
64.258 235.807
64.286 235.811
64.315 235.814
64.343 235.818
64.371 235.821
64.399 235.825
64.427 235.828
64.456 235.831
64.484 235.835
64.512 235.838
64.540 235.841
64.569 235.845
64.597 235.848
64.625 235.852
64.653 235.855
64.681 235.858
64.710 235.862
64.738 235.865
64.766 235.868
64.794 235.872
64.823 235.875
64.851 235.879
64.879 235.882
64.907 235.885
64.936 235.889
64.964 235.892
64.992 235.895
65.020 235.898
65.048 235.902
65.077 235.905
65.105 235.909
65.133 235.912
65.161 235.915
65.189 235.919
65.218 235.922
65.246 235.925
65.274 235.928
65.302 235.932
65.331 235.935
65.359 235.938
65.387 235.942
65.415 235.945
65.444 235.948
65.472 235.951
65.500 235.955
65.528 235.958
65.556 235.962
65.585 235.965
65.613 235.968
65.641 235.971
65.669 235.975
65.698 235.978
65.726 235.981
65.754 235.984
65.782 235.988
65.810 235.991
65.839 235.994
65.867 235.997
65.895 236.001
65.923 236.004
65.952 236.007
65.980 236.010
66.008 236.014
66.036 236.017
66.064 236.020
66.093 236.023
66.121 236.027
66.149 236.030
66.177 236.033
66.206 236.036
66.234 236.039
66.262 236.043
66.290 236.046
66.319 236.049
66.347 236.052
66.375 236.056
66.403 236.058
66.431 236.062
66.460 236.065
66.488 236.068
66.516 236.072
66.544 236.075
66.573 236.078
66.601 236.081
66.629 236.084
66.657 236.087
66.685 236.090
66.714 236.094
66.742 236.097
66.770 236.100
66.798 236.103
66.826 236.106
66.855 236.110
66.883 236.113
66.911 236.116
66.939 236.119
66.968 236.122
66.996 236.125
67.024 236.128
67.052 236.132
67.081 236.135
67.109 236.138
67.137 236.141
67.165 236.144
67.193 236.147
67.222 236.150
67.250 236.153
67.278 236.157
67.306 236.160
67.335 236.163
67.363 236.166
67.391 236.169
67.419 236.172
67.447 236.175
67.476 236.178
67.504 236.181
67.532 236.185
67.560 236.188
67.589 236.191
67.617 236.194
67.645 236.197
67.673 236.200
67.701 236.203
67.730 236.206
67.758 236.209
67.786 236.212
67.814 236.215
67.843 236.218
67.871 236.221
67.899 236.225
67.927 236.228
67.956 236.231
67.984 236.234
68.012 236.237
68.040 236.240
68.068 236.243
68.097 236.246
68.125 236.249
68.153 236.252
68.181 236.255
68.210 236.258
68.238 236.261
68.266 236.264
68.294 236.267
68.322 236.270
68.351 236.273
68.379 236.276
68.407 236.279
68.435 236.282
68.463 236.285
68.492 236.288
68.520 236.291
68.548 236.294
68.576 236.297
68.605 236.300
68.633 236.303
68.661 236.306
68.689 236.309
68.718 236.312
68.746 236.315
68.774 236.318
68.802 236.321
68.830 236.324
68.859 236.327
68.887 236.330
68.915 236.333
68.943 236.336
68.972 236.339
69.000 236.342
69.028 236.345
69.056 236.348
69.084 236.351
69.113 236.354
69.141 236.357
69.169 236.360
69.197 236.363
69.226 236.365
69.254 236.368
69.282 236.371
69.310 236.375
69.338 236.378
69.367 236.380
69.395 236.383
69.423 236.386
69.451 236.389
69.480 236.392
69.508 236.395
69.536 236.398
69.564 236.401
69.593 236.404
69.621 236.407
69.649 236.410
69.677 236.413
69.705 236.415
69.734 236.418
69.762 236.421
69.790 236.424
69.818 236.427
69.847 236.430
69.875 236.433
69.903 236.436
69.931 236.438
69.959 236.441
69.988 236.444
70.016 236.447
70.044 236.450
70.072 236.453
70.100 236.456
70.129 236.459
70.157 236.462
70.185 236.464
70.213 236.467
70.242 236.470
70.270 236.473
70.298 236.476
70.326 236.479
70.355 236.482
70.383 236.484
70.411 236.487
70.439 236.490
70.467 236.493
70.496 236.496
70.524 236.498
70.552 236.501
70.580 236.504
70.609 236.507
70.637 236.510
70.665 236.513
70.693 236.516
70.721 236.518
70.750 236.521
70.778 236.524
70.806 236.527
70.834 236.530
70.862 236.533
70.891 236.535
70.919 236.538
70.947 236.541
70.975 236.544
71.004 236.546
71.032 236.549
71.060 236.552
71.088 236.555
71.117 236.557
71.145 236.560
71.173 236.563
71.201 236.566
71.230 236.569
71.258 236.571
71.286 236.574
71.314 236.577
71.342 236.580
71.371 236.583
71.399 236.585
71.427 236.588
71.455 236.591
71.484 236.594
71.512 236.596
71.540 236.599
71.568 236.602
71.596 236.605
71.625 236.607
71.653 236.610
71.681 236.613
71.709 236.616
71.737 236.618
71.766 236.621
71.794 236.624
71.822 236.627
71.850 236.629
71.879 236.632
71.907 236.635
71.935 236.637
71.963 236.640
71.992 236.643
72.020 236.646
72.048 236.648
72.076 236.651
72.104 236.654
72.133 236.657
72.161 236.660
72.189 236.662
72.217 236.665
72.246 236.668
72.274 236.670
72.302 236.673
72.330 236.676
72.358 236.678
72.387 236.681
72.415 236.684
72.443 236.686
72.471 236.689
72.499 236.692
72.528 236.694
72.556 236.697
72.584 236.700
72.612 236.703
72.641 236.705
72.669 236.708
72.697 236.710
72.725 236.713
72.754 236.716
72.782 236.718
72.810 236.721
72.838 236.724
72.866 236.727
72.895 236.729
72.923 236.732
72.951 236.734
72.979 236.737
73.008 236.740
73.036 236.742
73.064 236.745
73.092 236.748
73.121 236.750
73.149 236.753
73.177 236.756
73.205 236.758
73.233 236.761
73.262 236.763
73.290 236.766
73.318 236.769
73.346 236.771
73.374 236.774
73.403 236.777
73.431 236.779
73.459 236.782
73.487 236.784
73.516 236.787
73.544 236.790
73.572 236.792
73.600 236.795
73.629 236.797
73.657 236.800
73.685 236.803
73.713 236.805
73.741 236.808
73.770 236.810
73.798 236.813
73.826 236.815
73.854 236.818
73.882 236.821
73.911 236.823
73.939 236.826
73.967 236.828
73.995 236.831
74.024 236.834
74.052 236.836
74.080 236.839
74.108 236.841
74.136 236.844
74.165 236.846
74.193 236.849
74.221 236.852
74.249 236.854
74.278 236.857
74.306 236.859
74.334 236.862
74.362 236.865
74.391 236.867
74.419 236.869
74.447 236.872
74.475 236.875
74.503 236.877
74.532 236.880
74.560 236.882
74.588 236.885
74.616 236.887
74.645 236.890
74.673 236.892
74.701 236.895
74.729 236.898
74.757 236.900
74.786 236.902
74.814 236.905
74.842 236.908
74.870 236.910
74.899 236.912
74.927 236.915
74.955 236.918
74.983 236.920
75.011 236.923
75.040 236.925
75.068 236.928
75.096 236.930
75.124 236.933
75.153 236.935
75.181 236.938
75.209 236.940
75.237 236.943
75.266 236.945
75.294 236.948
75.322 236.950
75.350 236.952
75.378 236.955
75.407 236.958
75.435 236.960
75.463 236.962
75.491 236.965
75.519 236.967
75.548 236.970
75.576 236.972
75.604 236.975
75.632 236.977
75.661 236.980
75.689 236.982
75.717 236.985
75.745 236.987
75.773 236.990
75.802 236.992
75.830 236.994
75.858 236.997
75.886 237.000
75.915 237.002
75.943 237.004
75.971 237.007
75.999 237.009
76.028 237.012
76.056 237.014
76.084 237.017
76.112 237.019
76.140 237.022
76.169 237.024
76.197 237.026
76.225 237.029
76.253 237.031
76.282 237.033
76.310 237.036
76.338 237.038
76.366 237.041
76.394 237.043
76.423 237.046
76.451 237.048
76.479 237.051
76.507 237.053
76.536 237.055
76.564 237.058
76.592 237.060
76.620 237.063
76.648 237.065
76.677 237.067
76.705 237.070
76.733 237.072
76.761 237.074
76.790 237.077
76.818 237.079
76.846 237.082
76.874 237.084
76.903 237.086
76.931 237.089
76.959 237.091
76.987 237.093
77.015 237.096
77.044 237.098
77.072 237.101
77.100 237.103
77.128 237.105
77.156 237.108
77.185 237.110
77.213 237.113
77.241 237.115
77.269 237.117
77.298 237.120
77.326 237.122
77.354 237.124
77.382 237.127
77.410 237.129
77.439 237.132
77.467 237.134
77.495 237.136
77.523 237.139
77.552 237.141
77.580 237.143
77.608 237.146
77.636 237.148
77.665 237.150
77.693 237.152
77.721 237.155
77.749 237.157
77.777 237.160
77.806 237.162
77.834 237.164
77.862 237.167
77.890 237.169
77.918 237.171
77.947 237.173
77.975 237.176
78.003 237.178
78.031 237.181
78.060 237.183
78.088 237.185
78.116 237.188
78.144 237.190
78.173 237.192
78.201 237.194
78.229 237.197
78.257 237.199
78.285 237.201
78.314 237.204
78.342 237.206
78.370 237.208
78.398 237.210
78.427 237.213
78.455 237.215
78.483 237.217
78.511 237.220
78.540 237.222
78.568 237.224
78.596 237.227
78.624 237.229
78.652 237.231
78.681 237.233
78.709 237.236
78.737 237.238
78.765 237.240
78.793 237.242
78.822 237.245
78.850 237.247
78.878 237.249
78.906 237.252
78.935 237.254
78.963 237.256
78.991 237.258
79.019 237.261
79.047 237.263
79.076 237.265
79.104 237.267
79.132 237.270
79.160 237.272
79.189 237.274
79.217 237.277
79.245 237.279
79.273 237.281
79.302 237.283
79.330 237.286
79.358 237.288
79.386 237.290
79.414 237.292
79.443 237.294
79.471 237.296
79.499 237.299
79.527 237.301
79.555 237.303
79.584 237.305
79.612 237.308
79.640 237.310
79.668 237.312
79.697 237.314
79.725 237.317
79.753 237.319
79.781 237.321
79.810 237.323
79.838 237.325
79.866 237.328
79.894 237.330
79.922 237.332
79.951 237.334
79.979 237.337
80.007 237.339
80.035 237.341
80.064 237.343
80.092 237.345
80.120 237.348
80.148 237.350
80.177 237.352
80.205 237.354
80.233 237.356
80.261 237.359
80.289 237.361
80.318 237.363
80.346 237.365
80.374 237.367
80.402 237.369
80.430 237.372
80.459 237.374
80.487 237.376
80.515 237.378
80.543 237.380
80.572 237.383
80.600 237.385
80.628 237.387
80.656 237.389
80.684 237.391
80.713 237.393
80.741 237.396
80.769 237.398
80.797 237.400
80.826 237.402
80.854 237.404
80.882 237.406
80.910 237.408
80.939 237.411
80.967 237.413
80.995 237.415
81.023 237.417
81.051 237.419
81.080 237.421
81.108 237.423
81.136 237.426
81.164 237.428
81.192 237.430
81.221 237.432
81.249 237.434
81.277 237.436
81.305 237.439
81.334 237.441
81.362 237.443
81.390 237.445
81.418 237.447
81.447 237.449
81.475 237.451
81.503 237.453
81.531 237.456
81.559 237.458
81.588 237.460
81.616 237.462
81.644 237.464
81.672 237.466
81.701 237.468
81.729 237.470
81.757 237.472
81.785 237.475
81.814 237.477
81.842 237.479
81.870 237.481
81.898 237.483
81.926 237.485
81.955 237.487
81.983 237.489
82.011 237.491
82.039 237.494
82.067 237.496
82.096 237.498
82.124 237.500
82.152 237.502
82.180 237.504
82.209 237.506
82.237 237.508
82.265 237.510
82.293 237.512
82.322 237.514
82.350 237.517
82.378 237.519
82.406 237.521
82.434 237.523
82.463 237.525
82.491 237.527
82.519 237.529
82.547 237.531
82.576 237.533
82.604 237.535
82.632 237.537
82.660 237.539
82.688 237.541
82.717 237.543
82.745 237.546
82.773 237.547
82.801 237.550
82.829 237.552
82.858 237.554
82.886 237.556
82.914 237.558
82.942 237.560
82.971 237.562
82.999 237.564
83.027 237.566
83.055 237.568
83.084 237.570
83.112 237.572
83.140 237.574
83.168 237.576
83.196 237.578
83.225 237.580
83.253 237.582
83.281 237.584
83.309 237.586
83.338 237.588
83.366 237.590
83.394 237.593
83.422 237.595
83.450 237.597
83.479 237.599
83.507 237.601
83.535 237.603
83.563 237.605
83.592 237.607
83.620 237.609
83.648 237.611
83.676 237.613
83.704 237.615
83.733 237.617
83.761 237.619
83.789 237.621
83.817 237.623
83.846 237.625
83.874 237.627
83.902 237.629
83.930 237.631
83.959 237.633
83.987 237.635
84.015 237.637
84.043 237.639
84.071 237.641
84.100 237.643
84.128 237.645
84.156 237.647
84.184 237.649
84.213 237.651
84.241 237.653
84.269 237.655
84.297 237.657
84.325 237.659
84.354 237.661
84.382 237.663
84.410 237.665
84.438 237.667
84.466 237.669
84.495 237.671
84.523 237.672
84.551 237.674
84.579 237.677
84.608 237.679
84.636 237.680
84.664 237.682
84.692 237.684
84.721 237.686
84.749 237.688
84.777 237.690
84.805 237.692
84.833 237.694
84.862 237.696
84.890 237.698
84.918 237.700
84.946 237.702
84.975 237.704
85.003 237.706
85.031 237.708
85.059 237.710
85.087 237.712
85.116 237.714
85.144 237.716
85.172 237.718
85.200 237.720
85.229 237.721
85.257 237.723
85.285 237.725
85.313 237.727
85.341 237.729
85.370 237.731
85.398 237.733
85.426 237.735
85.454 237.737
85.483 237.739
85.511 237.741
85.539 237.743
85.567 237.745
85.596 237.747
85.624 237.749
85.652 237.751
85.680 237.753
85.708 237.754
85.737 237.756
85.765 237.758
85.793 237.760
85.821 237.762
85.850 237.764
85.878 237.766
85.906 237.768
85.934 237.770
85.962 237.772
85.991 237.774
86.019 237.776
86.047 237.777
86.075 237.779
86.103 237.781
86.132 237.783
86.160 237.785
86.188 237.787
86.216 237.789
86.245 237.791
86.273 237.793
86.301 237.794
86.329 237.796
86.358 237.798
86.386 237.800
86.414 237.802
86.442 237.804
86.470 237.806
86.499 237.808
86.527 237.809
86.555 237.811
86.583 237.813
86.612 237.815
86.640 237.817
86.668 237.819
86.696 237.821
86.724 237.823
86.753 237.824
86.781 237.826
86.809 237.828
86.837 237.830
86.866 237.832
86.894 237.834
86.922 237.836
86.950 237.838
86.978 237.840
87.007 237.841
87.035 237.843
87.063 237.845
87.091 237.847
87.120 237.849
87.148 237.851
87.176 237.853
87.204 237.855
87.233 237.856
87.261 237.858
87.289 237.860
87.317 237.862
87.345 237.864
87.374 237.865
87.402 237.867
87.430 237.869
87.458 237.871
87.487 237.873
87.515 237.875
87.543 237.877
87.571 237.878
87.599 237.880
87.628 237.882
87.656 237.884
87.684 237.886
87.712 237.888
87.740 237.889
87.769 237.891
87.797 237.893
87.825 237.895
87.853 237.897
87.882 237.899
87.910 237.901
87.938 237.902
87.966 237.904
87.995 237.906
88.023 237.908
88.051 237.909
88.079 237.911
88.107 237.913
88.136 237.915
88.164 237.917
88.192 237.919
88.220 237.920
88.249 237.922
88.277 237.924
88.305 237.926
88.333 237.928
88.361 237.930
88.390 237.931
88.418 237.933
88.446 237.935
88.474 237.937
88.502 237.939
88.531 237.940
88.559 237.942
88.587 237.944
88.615 237.946
88.644 237.947
88.672 237.949
88.700 237.951
88.728 237.953
88.757 237.955
88.785 237.956
88.813 237.958
88.841 237.960
88.870 237.962
88.898 237.964
88.926 237.965
88.954 237.967
88.982 237.969
89.011 237.971
89.039 237.973
89.067 237.974
89.095 237.976
89.124 237.978
89.152 237.980
89.180 237.981
89.208 237.983
89.236 237.985
89.265 237.987
89.293 237.989
89.321 237.990
89.349 237.992
89.377 237.994
89.406 237.996
89.434 237.997
89.462 237.999
89.490 238.001
89.519 238.003
89.547 238.004
89.575 238.006
89.603 238.008
89.632 238.010
89.660 238.011
89.688 238.013
89.716 238.015
89.744 238.017
89.773 238.018
89.801 238.020
89.829 238.022
89.857 238.024
89.885 238.025
89.914 238.027
89.942 238.029
89.970 238.031
89.998 238.032
90.027 238.034
90.055 238.036
90.083 238.038
90.111 238.039
90.139 238.041
90.168 238.043
90.196 238.045
90.224 238.046
90.252 238.048
90.281 238.050
90.309 238.051
90.337 238.053
90.365 238.055
90.394 238.057
90.422 238.058
90.450 238.060
90.478 238.062
90.506 238.064
90.535 238.065
90.563 238.067
90.591 238.069
90.619 238.071
90.648 238.072
90.676 238.074
90.704 238.076
90.732 238.077
90.760 238.079
90.789 238.081
90.817 238.082
90.845 238.084
90.873 238.086
90.902 238.088
90.930 238.089
90.958 238.091
90.986 238.093
91.014 238.094
91.043 238.096
91.071 238.098
91.099 238.099
91.127 238.101
91.156 238.103
91.184 238.105
91.212 238.106
91.240 238.108
91.269 238.110
91.297 238.111
91.325 238.113
91.353 238.115
91.381 238.116
91.410 238.118
91.438 238.120
91.466 238.121
91.494 238.123
91.522 238.125
91.551 238.127
91.579 238.128
91.607 238.130
91.635 238.132
91.664 238.133
91.692 238.135
91.720 238.137
91.748 238.138
91.776 238.140
91.805 238.142
91.833 238.143
91.861 238.145
91.889 238.147
91.918 238.149
91.946 238.150
91.974 238.152
92.002 238.153
92.031 238.155
92.059 238.157
92.087 238.158
92.115 238.160
92.143 238.162
92.172 238.163
92.200 238.165
92.228 238.167
92.256 238.168
92.285 238.170
92.313 238.172
92.341 238.173
92.369 238.175
92.397 238.177
92.426 238.178
92.454 238.180
92.482 238.182
92.510 238.183
92.539 238.185
92.567 238.187
92.595 238.188
92.623 238.190
92.651 238.191
92.680 238.193
92.708 238.195
92.736 238.196
92.764 238.198
92.793 238.200
92.821 238.201
92.849 238.203
92.877 238.204
92.906 238.206
92.934 238.208
92.962 238.210
92.990 238.211
93.018 238.213
93.047 238.214
93.075 238.216
93.103 238.218
93.131 238.219
93.159 238.221
93.188 238.223
93.216 238.224
93.244 238.226
93.272 238.227
93.301 238.229
93.329 238.231
93.357 238.232
93.385 238.234
93.413 238.236
93.442 238.237
93.470 238.239
93.498 238.240
93.526 238.242
93.555 238.244
93.583 238.245
93.611 238.247
93.639 238.248
93.668 238.250
93.696 238.251
93.724 238.253
93.752 238.255
93.780 238.256
93.809 238.258
93.837 238.260
93.865 238.261
93.893 238.263
93.922 238.264
93.950 238.266
93.978 238.268
94.006 238.269
94.034 238.271
94.063 238.272
94.091 238.274
94.119 238.276
94.147 238.277
94.176 238.279
94.204 238.280
94.232 238.282
94.260 238.284
94.288 238.285
94.317 238.287
94.345 238.288
94.373 238.290
94.401 238.291
94.430 238.293
94.458 238.295
94.486 238.296
94.514 238.298
94.543 238.299
94.571 238.301
94.599 238.303
94.627 238.304
94.655 238.306
94.684 238.307
94.712 238.309
94.740 238.311
94.768 238.312
94.796 238.314
94.825 238.315
94.853 238.317
94.881 238.318
94.909 238.320
94.938 238.321
94.966 238.323
94.994 238.324
95.022 238.326
95.050 238.328
95.079 238.329
95.107 238.331
95.135 238.332
95.163 238.334
95.192 238.336
95.220 238.337
95.248 238.338
95.276 238.340
95.305 238.342
95.333 238.343
95.361 238.345
95.389 238.346
95.417 238.348
95.446 238.350
95.474 238.351
95.502 238.352
95.530 238.354
95.558 238.356
95.587 238.357
95.615 238.359
95.643 238.360
95.671 238.362
95.700 238.363
95.728 238.365
95.756 238.366
95.784 238.368
95.813 238.369
95.841 238.371
95.869 238.373
95.897 238.374
95.925 238.376
95.954 238.377
95.982 238.379
96.010 238.380
96.038 238.382
96.067 238.383
96.095 238.385
96.123 238.386
96.151 238.388
96.180 238.389
96.208 238.391
96.236 238.392
96.264 238.394
96.292 238.395
96.321 238.397
96.349 238.399
96.377 238.400
96.405 238.401
96.433 238.403
96.462 238.405
96.490 238.406
96.518 238.408
96.546 238.409
96.575 238.411
96.603 238.412
96.631 238.414
96.659 238.415
96.688 238.417
96.716 238.418
96.744 238.420
96.772 238.421
96.800 238.423
96.829 238.424
96.857 238.426
96.885 238.427
96.913 238.429
96.942 238.430
96.970 238.432
96.998 238.433
97.026 238.435
97.054 238.436
97.083 238.438
97.111 238.439
97.139 238.441
97.167 238.442
97.195 238.444
97.224 238.445
97.252 238.447
97.280 238.448
97.308 238.450
97.337 238.451
97.365 238.453
97.393 238.454
97.421 238.456
97.450 238.457
97.478 238.459
97.506 238.460
97.534 238.462
97.562 238.463
97.591 238.464
97.619 238.466
97.647 238.468
97.675 238.469
97.704 238.470
97.732 238.472
97.760 238.473
97.788 238.475
97.817 238.476
97.845 238.478
97.873 238.479
97.901 238.481
97.929 238.482
97.958 238.484
97.986 238.485
98.014 238.487
98.042 238.488
98.070 238.490
98.099 238.491
98.127 238.493
98.155 238.494
98.183 238.495
98.212 238.497
98.240 238.498
98.268 238.500
98.296 238.501
98.325 238.503
98.353 238.504
98.381 238.506
98.409 238.507
98.437 238.509
98.466 238.510
98.494 238.512
98.522 238.513
98.550 238.514
98.579 238.516
98.607 238.517
98.635 238.519
98.663 238.520
98.691 238.522
98.720 238.523
98.748 238.524
98.776 238.526
98.804 238.527
98.832 238.529
98.861 238.530
98.889 238.532
98.917 238.533
98.945 238.535
98.974 238.536
99.002 238.537
99.030 238.539
99.058 238.540
99.087 238.542
99.115 238.543
99.143 238.545
99.171 238.546
99.199 238.548
99.228 238.549
99.256 238.550
99.284 238.552
99.312 238.553
99.341 238.555
99.369 238.556
99.397 238.558
99.425 238.559
99.454 238.560
99.482 238.562
99.510 238.563
99.538 238.565
99.566 238.566
99.595 238.568
99.623 238.569
99.651 238.571
99.679 238.572
99.707 238.573
99.736 238.575
99.764 238.576
99.792 238.578
99.820 238.579
99.849 238.580
99.877 238.582
99.905 238.583
99.933 238.585
99.962 238.586
99.990 238.587
