0.253 0.154
0.772 3.895
0.784 7.619
1.291 6.929
1.303 9.142
1.315 11.314
1.328 13.445
1.810 11.504
1.822 13.057
1.834 14.588
1.847 16.099
1.859 17.590
1.871 19.063
1.883 20.516
1.895 21.949
2.329 19.140
2.341 20.309
2.353 21.465
2.365 22.609
2.377 23.741
2.390 24.863
2.402 25.972
2.414 27.071
2.426 28.157
2.439 29.234
2.451 30.299
2.463 31.355
2.475 32.398
2.487 33.433
2.500 34.457
2.512 35.472
2.847 32.335
2.860 33.235
2.872 34.128
2.884 35.013
2.896 35.889
2.909 36.759
2.921 37.622
2.933 38.478
2.945 39.325
2.957 40.167
2.970 41.001
2.982 41.829
2.994 42.649
3.006 43.463
3.018 44.271
3.031 45.073
3.043 45.866
3.055 46.655
3.067 47.437
3.080 48.213
3.366 44.990
3.378 45.706
3.391 46.417
3.403 47.123
3.415 47.823
3.427 48.519
3.439 49.210
3.452 49.896
3.464 50.576
3.476 51.253
3.488 51.924
3.501 52.591
3.513 53.252
3.525 53.910
3.537 54.564
3.550 55.212
3.562 55.855
3.574 56.495
3.586 57.131
3.598 57.762
3.885 54.265
3.897 54.857
3.909 55.445
3.922 56.030
3.934 56.609
3.946 57.187
3.958 57.760
3.970 58.331
3.983 58.896
3.995 59.459
4.007 60.019
4.019 60.575
4.032 61.127
4.044 61.677
4.056 62.223
4.068 62.766
4.081 63.304
4.093 63.841
4.105 64.375
4.117 64.905
4.404 61.355
4.416 61.858
4.428 62.358
4.440 62.855
4.453 63.348
4.465 63.840
4.477 64.329
4.489 64.816
4.502 65.298
4.514 65.779
4.526 66.258
4.538 66.734
4.550 67.207
4.563 67.677
4.575 68.145
4.587 68.611
4.599 69.075
4.612 69.534
4.624 69.993
4.636 70.449
4.923 66.950
4.935 67.387
4.947 67.820
4.959 68.252
4.971 68.681
4.984 69.108
4.996 69.534
5.008 69.957
5.020 70.378
5.033 70.796
5.045 71.213
5.057 71.629
5.069 72.042
5.082 72.452
5.094 72.861
5.106 73.268
5.118 73.674
5.130 74.076
5.143 74.477
5.155 74.877
5.441 71.479
5.454 71.863
5.466 72.246
5.478 72.627
5.490 73.007
5.503 73.383
5.515 73.759
5.527 74.133
5.539 74.506
5.551 74.876
5.564 75.245
5.576 75.613
5.588 75.979
5.600 76.342
5.612 76.705
5.625 77.067
5.637 77.426
5.649 77.783
5.661 78.140
5.674 78.495
5.960 75.220
5.972 75.562
5.985 75.904
5.997 76.245
6.009 76.584
6.021 76.921
6.034 77.257
6.046 77.593
6.058 77.926
6.070 78.258
6.082 78.589
6.095 78.918
6.107 79.247
6.119 79.573
6.131 79.899
6.144 80.223
6.156 80.547
6.168 80.867
6.180 81.188
6.192 81.507
6.479 78.361
6.491 78.670
6.503 78.979
6.516 79.287
6.528 79.593
6.540 79.898
6.552 80.202
6.564 80.505
6.577 80.807
6.589 81.107
6.601 81.407
6.613 81.706
6.626 82.003
6.638 82.298
6.650 82.594
6.662 82.888
6.675 83.182
6.687 83.473
6.699 83.764
6.711 84.054
6.998 81.037
7.010 81.318
7.022 81.599
7.034 81.880
7.047 82.160
7.059 82.437
7.071 82.715
7.083 82.991
7.096 83.267
7.108 83.540
7.120 83.814
7.132 84.087
7.144 84.359
7.157 84.629
7.169 84.899
7.181 85.168
7.193 85.436
7.205 85.704
7.218 85.969
7.230 86.235
7.516 83.343
7.529 83.601
7.541 83.859
7.553 84.117
7.565 84.374
7.578 84.628
7.590 84.884
7.602 85.138
7.614 85.391
7.627 85.643
7.639 85.895
7.651 86.146
7.663 86.396
7.675 86.646
7.688 86.893
7.700 87.141
7.712 87.388
7.724 87.634
7.737 87.879
7.749 88.124
8.035 85.351
8.048 85.589
8.060 85.828
8.072 86.066
8.084 86.304
8.097 86.539
8.109 86.775
8.121 87.010
8.133 87.245
8.145 87.479
8.158 87.711
8.170 87.943
8.182 88.175
8.194 88.406
8.207 88.635
8.219 88.865
8.231 89.094
8.243 89.322
8.255 89.548
8.268 89.775
8.554 87.116
8.566 87.337
8.579 87.559
8.591 87.780
8.603 88.001
8.615 88.221
8.627 88.439
8.640 88.658
8.652 88.876
8.664 89.093
8.676 89.309
8.689 89.526
8.701 89.741
8.713 89.956
8.725 90.170
8.738 90.384
8.750 90.597
8.762 90.810
8.774 91.021
8.786 91.232
9.073 88.678
9.085 88.886
9.097 89.092
9.110 89.299
9.122 89.505
9.134 89.710
9.146 89.914
9.159 90.119
9.171 90.322
9.183 90.526
9.195 90.728
9.207 90.930
9.220 91.131
9.232 91.333
9.244 91.532
9.256 91.732
9.268 91.932
9.281 92.131
9.293 92.328
9.305 92.526
9.592 90.072
9.604 90.267
9.616 90.460
9.628 90.654
9.641 90.847
9.653 91.040
9.665 91.231
9.677 91.423
9.690 91.614
9.702 91.805
9.714 91.994
9.726 92.184
9.738 92.374
9.751 92.562
9.763 92.750
9.775 92.938
9.787 93.125
9.800 93.312
9.812 93.499
9.824 93.684
10.111 91.323
10.123 91.506
10.135 91.688
10.147 91.870
10.159 92.052
10.172 92.234
10.184 92.414
10.196 92.594
10.208 92.775
10.220 92.954
10.233 93.133
10.245 93.312
10.257 93.490
10.269 93.668
10.282 93.845
10.294 94.022
10.306 94.199
10.318 94.375
10.331 94.551
10.343 94.725
10.629 92.452
10.642 92.625
10.654 92.796
10.666 92.968
10.678 93.140
10.690 93.312
10.703 93.482
10.715 93.652
10.727 93.823
10.739 93.993
10.752 94.162
10.764 94.330
10.776 94.499
10.788 94.667
10.800 94.835
10.813 95.002
10.825 95.169
10.837 95.336
10.849 95.502
10.862 95.667
11.148 93.475
11.160 93.639
11.173 93.802
11.185 93.965
11.197 94.127
11.209 94.290
11.221 94.452
11.234 94.613
11.246 94.774
11.258 94.935
11.270 95.096
11.283 95.255
11.295 95.415
11.307 95.575
11.319 95.734
11.332 95.892
11.344 96.051
11.356 96.209
11.368 96.367
11.380 96.524
11.667 94.408
11.679 94.563
11.691 94.719
11.704 94.873
11.716 95.027
11.728 95.182
11.740 95.335
11.752 95.488
11.765 95.642
11.777 95.795
11.789 95.947
11.801 96.099
11.814 96.251
11.826 96.403
11.838 96.554
11.850 96.704
11.863 96.855
11.875 97.006
11.887 97.156
11.899 97.305
12.186 95.261
12.198 95.409
12.210 95.557
12.222 95.704
12.235 95.851
12.247 95.998
12.259 96.144
12.271 96.290
12.284 96.436
12.296 96.582
12.308 96.727
12.320 96.872
12.332 97.016
12.345 97.161
12.357 97.305
12.369 97.449
12.381 97.592
12.393 97.736
12.406 97.879
12.418 98.021
12.704 96.044
12.717 96.186
12.729 96.327
12.741 96.467
12.753 96.607
12.766 96.747
12.778 96.887
12.790 97.026
12.802 97.166
12.815 97.305
12.827 97.444
12.839 97.582
12.851 97.720
12.863 97.858
12.876 97.996
12.888 98.133
12.900 98.270
12.912 98.407
12.925 98.544
12.937 98.681
13.223 96.766
13.236 96.901
13.248 97.036
13.260 97.170
13.272 97.305
13.284 97.439
13.297 97.573
13.309 97.705
13.321 97.839
13.333 97.972
13.345 98.105
13.358 98.237
13.370 98.369
13.382 98.501
13.394 98.633
13.407 98.765
13.419 98.896
13.431 99.027
13.443 99.158
13.456 99.289
13.742 97.434
13.754 97.563
13.767 97.692
13.779 97.821
13.791 97.949
13.803 98.078
13.815 98.206
13.828 98.334
13.840 98.461
13.852 98.589
13.864 98.716
13.877 98.843
13.889 98.970
13.901 99.096
13.913 99.223
13.925 99.349
13.938 99.474
13.950 99.600
13.962 99.726
13.974 99.851
14.261 98.053
14.273 98.177
14.285 98.301
14.297 98.425
14.310 98.548
14.322 98.671
14.334 98.794
14.346 98.917
14.359 99.039
14.371 99.161
14.383 99.284
14.395 99.406
14.408 99.527
14.420 99.649
14.432 99.770
14.444 99.891
14.457 100.012
14.469 100.133
14.481 100.253
14.493 100.374
14.780 98.628
14.792 98.748
14.804 98.867
14.816 98.986
14.829 99.104
14.841 99.222
14.853 99.341
14.865 99.459
14.877 99.576
14.890 99.694
14.902 99.812
14.914 99.929
14.926 100.046
14.939 100.163
14.951 100.279
14.963 100.396
14.975 100.512
14.988 100.628
15.000 100.744
15.012 100.860
15.299 99.165
15.311 99.280
15.323 99.394
15.335 99.509
15.347 99.622
15.360 99.737
15.372 99.851
15.384 99.964
15.396 100.077
15.409 100.191
15.421 100.304
15.433 100.417
15.445 100.529
15.457 100.642
15.470 100.755
15.482 100.867
15.494 100.978
15.506 101.090
15.518 101.202
15.531 101.314
15.817 99.666
15.829 99.777
15.842 99.887
15.854 99.998
15.866 100.107
15.878 100.217
15.891 100.327
15.903 100.437
15.915 100.546
15.927 100.655
15.940 100.764
15.952 100.873
15.964 100.982
15.976 101.090
15.988 101.199
16.001 101.307
16.013 101.415
16.025 101.523
16.037 101.631
16.049 101.738
16.336 100.135
16.348 100.242
16.360 100.349
16.373 100.455
16.385 100.561
16.397 100.667
16.409 100.774
16.422 100.879
16.434 100.985
16.446 101.090
16.458 101.196
16.471 101.301
16.483 101.406
16.495 101.510
16.507 101.615
16.519 101.720
16.532 101.824
16.544 101.928
16.556 102.032
16.568 102.136
16.855 100.576
16.867 100.679
16.879 100.782
16.892 100.885
16.904 100.987
16.916 101.090
16.928 101.193
16.940 101.295
16.953 101.397
16.965 101.499
16.977 101.601
16.989 101.702
17.002 101.804
17.014 101.905
17.026 102.006
17.038 102.107
17.050 102.208
17.063 102.309
17.075 102.410
17.087 102.510
17.374 100.990
17.386 101.090
17.398 101.190
17.410 101.289
17.422 101.389
17.435 101.487
17.447 101.587
17.459 101.686
17.471 101.785
17.484 101.883
17.496 101.981
17.508 102.080
17.520 102.178
17.533 102.276
17.545 102.374
17.557 102.472
17.569 102.570
17.581 102.667
17.594 102.765
17.606 102.862
17.892 101.381
17.905 101.477
17.917 101.574
17.929 101.670
17.941 101.766
17.954 101.862
17.966 101.958
17.978 102.054
17.990 102.150
18.003 102.245
18.015 102.340
18.027 102.436
18.039 102.531
18.051 102.626
18.064 102.721
18.076 102.816
18.088 102.911
18.100 103.005
18.113 103.099
18.125 103.194
18.411 101.749
18.424 101.842
18.436 101.936
18.448 102.029
18.460 102.123
18.472 102.215
18.485 102.309
18.497 102.402
18.509 102.494
18.521 102.587
18.534 102.679
18.546 102.772
18.558 102.864
18.570 102.956
18.582 103.048
18.595 103.140
18.607 103.232
18.619 103.323
18.631 103.415
18.643 103.507
18.930 102.097
18.942 102.187
18.954 102.278
18.967 102.369
18.979 102.460
18.991 102.550
19.003 102.640
19.016 102.730
19.028 102.820
19.040 102.910
19.052 103.000
19.064 103.090
19.077 103.179
19.089 103.268
19.101 103.358
19.113 103.447
19.126 103.536
19.138 103.625
19.150 103.714
19.162 103.803
19.449 102.426
19.461 102.514
19.473 102.602
19.485 102.691
19.498 102.779
19.510 102.866
19.522 102.954
19.534 103.041
19.547 103.129
19.559 103.216
19.571 103.303
19.583 103.390
19.596 103.478
19.608 103.565
19.620 103.651
19.632 103.738
19.644 103.825
19.657 103.911
19.669 103.997
19.681 104.083
19.968 102.739
19.980 102.824
19.992 102.910
20.004 102.995
20.017 103.081
20.029 103.166
20.041 103.251
20.053 103.336
20.065 103.422
20.078 103.507
20.090 103.591
20.102 103.676
20.114 103.761
20.127 103.845
20.139 103.929
20.151 104.014
20.163 104.098
20.175 104.182
20.188 104.266
20.200 104.350
20.486 103.035
20.499 103.119
20.511 103.202
20.523 103.285
20.535 103.368
20.547 103.451
20.560 103.534
20.572 103.617
20.584 103.699
20.596 103.782
20.609 103.864
20.621 103.947
20.633 104.029
20.645 104.112
20.658 104.193
20.670 104.275
20.682 104.357
20.694 104.439
20.706 104.521
20.719 104.602
21.005 103.317
21.017 103.398
21.030 103.479
21.042 103.560
21.054 103.641
21.066 103.722
21.079 103.802
21.091 103.883
21.103 103.964
21.115 104.044
21.128 104.124
21.140 104.204
21.152 104.285
21.164 104.365
21.176 104.444
21.189 104.524
21.201 104.604
21.213 104.684
21.225 104.763
21.238 104.843
21.524 103.585
21.536 103.664
21.549 103.743
21.561 103.822
21.573 103.901
21.585 103.980
21.597 104.058
21.610 104.137
21.622 104.215
21.634 104.294
21.646 104.372
21.659 104.450
21.671 104.528
21.683 104.606
21.695 104.684
21.707 104.762
21.720 104.839
21.732 104.917
21.744 104.995
21.756 105.072
22.043 103.841
22.055 103.918
22.067 103.995
22.079 104.072
22.092 104.149
22.104 104.225
22.116 104.302
22.128 104.378
22.141 104.455
22.153 104.531
22.165 104.607
22.177 104.684
22.189 104.760
22.202 104.836
22.214 104.912
22.226 104.988
22.238 105.064
22.251 105.139
22.263 105.215
22.275 105.290
22.562 104.085
22.574 104.160
22.586 104.235
22.598 104.310
22.610 104.385
22.623 104.460
22.635 104.534
22.647 104.609
22.659 104.684
22.672 104.758
22.684 104.833
22.696 104.907
22.708 104.981
22.721 105.056
22.733 105.130
22.745 105.203
22.757 105.277
22.769 105.351
22.782 105.425
22.794 105.499
23.080 104.318
23.093 104.391
23.105 104.464
23.117 104.537
23.129 104.611
23.142 104.684
23.154 104.757
23.166 104.829
23.178 104.902
23.190 104.975
23.203 105.048
23.215 105.120
23.227 105.193
23.239 105.265
23.252 105.338
23.264 105.410
23.276 105.482
23.288 105.554
23.300 105.626
23.313 105.698
23.599 104.540
23.611 104.612
23.624 104.684
23.636 104.755
23.648 104.826
23.660 104.898
23.672 104.969
23.685 105.040
23.697 105.111
23.709 105.182
23.721 105.253
23.734 105.324
23.746 105.395
23.758 105.466
23.770 105.536
23.783 105.607
23.795 105.677
23.807 105.748
23.819 105.818
23.831 105.888
24.118 104.754
24.130 104.824
24.142 104.894
24.155 104.963
24.167 105.033
24.179 105.103
24.191 105.172
24.204 105.242
24.216 105.311
24.228 105.381
24.240 105.450
24.253 105.519
24.265 105.588
24.277 105.658
24.289 105.727
24.301 105.795
24.314 105.864
24.326 105.933
24.338 106.002
24.350 106.071
24.637 104.958
24.649 105.026
24.661 105.095
24.674 105.162
24.686 105.231
24.698 105.299
24.710 105.367
24.722 105.435
24.735 105.503
24.747 105.571
24.759 105.639
24.771 105.706
24.784 105.774
24.796 105.841
24.808 105.909
24.820 105.976
24.832 106.044
24.845 106.111
24.857 106.179
24.869 106.246
25.156 105.153
25.168 105.220
25.180 105.287
25.192 105.354
25.204 105.420
25.217 105.487
25.229 105.554
25.241 105.620
25.253 105.687
25.266 105.753
25.278 105.819
25.290 105.885
25.302 105.952
25.314 106.018
25.327 106.084
25.339 106.150
25.351 106.216
25.363 106.282
25.376 106.348
25.388 106.413
25.674 105.341
25.687 105.407
25.699 105.472
25.711 105.537
25.723 105.603
25.735 105.668
25.748 105.733
25.760 105.798
25.772 105.863
25.784 105.928
25.797 105.993
25.809 106.058
25.821 106.122
25.833 106.187
25.846 106.252
25.858 106.317
25.870 106.381
25.882 106.445
25.894 106.510
25.907 106.574
26.193 105.521
26.205 105.586
26.218 105.650
26.230 105.714
26.242 105.777
26.254 105.841
26.267 105.905
26.279 105.969
26.291 106.032
26.303 106.096
26.315 106.160
26.328 106.223
26.340 106.286
26.352 106.350
26.364 106.413
26.377 106.476
26.389 106.539
26.401 106.603
26.413 106.666
26.425 106.729
26.712 105.695
26.724 105.758
26.736 105.820
26.749 105.883
26.761 105.945
26.773 106.008
26.785 106.071
26.797 106.133
26.810 106.195
26.822 106.258
26.834 106.320
26.846 106.382
26.859 106.444
26.871 106.506
26.883 106.568
26.895 106.630
26.908 106.692
26.920 106.754
26.932 106.816
26.944 106.877
27.231 105.862
27.243 105.923
27.255 105.985
27.267 106.046
27.280 106.107
27.292 106.168
27.304 106.230
27.316 106.291
27.329 106.352
27.341 106.413
27.353 106.474
27.365 106.535
27.378 106.596
27.390 106.656
27.402 106.717
27.414 106.778
27.426 106.838
27.439 106.899
27.451 106.960
27.463 107.020
27.750 106.022
27.762 106.082
27.774 106.143
27.786 106.203
27.799 106.263
27.811 106.323
27.823 106.383
27.835 106.443
27.847 106.503
27.860 106.563
27.872 106.622
27.884 106.682
27.896 106.742
27.909 106.801
27.921 106.861
27.933 106.921
27.945 106.980
27.957 107.039
27.970 107.099
27.982 107.158
28.268 106.177
28.281 106.236
28.293 106.295
28.305 106.354
28.317 106.413
28.329 106.472
28.342 106.531
28.354 106.589
28.366 106.648
28.378 106.707
28.391 106.765
28.403 106.824
28.415 106.883
28.427 106.941
28.439 106.999
28.452 107.058
28.464 107.116
28.476 107.174
28.488 107.233
28.501 107.291
28.787 106.326
28.799 106.384
28.812 106.442
28.824 106.500
28.836 106.557
28.848 106.615
28.860 106.673
28.873 106.731
28.885 106.788
28.897 106.846
28.909 106.903
28.922 106.961
28.934 107.018
28.946 107.075
28.958 107.133
28.971 107.190
28.983 107.247
28.995 107.304
29.007 107.362
29.019 107.419
29.306 106.470
29.318 106.526
29.330 106.583
29.343 106.640
29.355 106.697
29.367 106.753
29.379 106.810
29.392 106.867
29.404 106.923
29.416 106.980
29.428 107.036
29.440 107.093
29.453 107.149
29.465 107.205
29.477 107.261
29.489 107.318
29.502 107.374
29.514 107.430
29.526 107.486
29.538 107.542
29.825 106.609
29.837 106.664
29.849 106.720
29.861 106.776
29.874 106.832
29.886 106.887
29.898 106.943
29.910 106.998
29.922 107.054
29.935 107.109
29.947 107.165
29.959 107.220
29.971 107.275
29.984 107.330
29.996 107.386
30.008 107.441
30.020 107.496
30.033 107.551
30.045 107.606
30.057 107.661
30.343 106.743
30.356 106.797
30.368 106.852
30.380 106.907
30.392 106.962
30.405 107.016
30.417 107.071
30.429 107.125
30.441 107.180
30.454 107.234
30.466 107.289
30.478 107.343
30.490 107.397
30.503 107.451
30.515 107.506
30.527 107.560
30.539 107.614
30.551 107.669
30.564 107.722
30.576 107.776
30.862 106.872
30.875 106.926
30.887 106.980
30.899 107.033
30.911 107.087
30.924 107.141
30.936 107.194
30.948 107.248
30.960 107.302
30.972 107.355
30.985 107.408
30.997 107.462
31.009 107.515
31.021 107.569
31.034 107.622
31.046 107.675
31.058 107.728
31.070 107.782
31.082 107.835
31.095 107.888
31.381 106.997
31.393 107.050
31.406 107.103
31.418 107.156
31.430 107.209
31.442 107.261
31.454 107.314
31.467 107.367
31.479 107.419
31.491 107.472
31.503 107.524
31.516 107.577
31.528 107.629
31.540 107.682
31.552 107.734
31.564 107.786
31.577 107.839
31.589 107.891
31.601 107.943
31.613 107.995
31.900 107.119
31.912 107.170
31.924 107.222
31.937 107.274
31.949 107.326
31.961 107.378
31.973 107.430
31.985 107.482
31.998 107.533
32.010 107.585
32.022 107.637
32.034 107.688
32.047 107.740
32.059 107.791
32.071 107.843
32.083 107.894
32.096 107.946
32.108 107.997
32.120 108.048
32.132 108.100
32.419 107.236
32.431 107.287
32.443 107.338
32.455 107.389
32.468 107.440
32.480 107.491
32.492 107.542
32.504 107.593
32.517 107.644
32.529 107.695
32.541 107.745
32.553 107.796
32.565 107.847
32.578 107.897
32.590 107.948
32.602 107.998
32.614 108.049
32.627 108.100
32.639 108.150
32.651 108.200
32.938 107.349
32.950 107.400
32.962 107.450
32.974 107.500
32.986 107.550
32.999 107.600
33.011 107.650
33.023 107.700
33.035 107.751
33.047 107.801
33.060 107.850
33.072 107.900
33.084 107.950
33.096 108.000
33.109 108.050
33.121 108.099
33.133 108.149
33.145 108.199
33.158 108.248
33.170 108.298
33.456 107.459
33.468 107.509
33.481 107.558
33.493 107.608
33.505 107.657
33.517 107.706
33.530 107.755
33.542 107.805
33.554 107.854
33.566 107.903
33.579 107.952
33.591 108.001
33.603 108.050
33.615 108.100
33.627 108.148
33.640 108.197
33.652 108.246
33.664 108.295
33.676 108.344
33.689 108.393
33.975 107.566
33.987 107.615
34.000 107.663
34.012 107.712
34.024 107.761
34.036 107.809
34.048 107.857
34.061 107.906
34.073 107.954
34.085 108.003
34.097 108.051
34.110 108.099
34.122 108.148
34.134 108.196
34.146 108.244
34.158 108.292
34.171 108.340
34.183 108.389
34.195 108.437
34.207 108.485
34.494 107.670
34.506 107.718
34.518 107.765
34.531 107.813
34.543 107.861
34.555 107.909
34.567 107.956
34.580 108.004
34.592 108.052
34.604 108.099
34.616 108.147
34.628 108.194
34.641 108.242
34.653 108.290
34.665 108.337
34.677 108.384
34.690 108.432
34.702 108.479
34.714 108.527
34.726 108.574
35.013 107.770
35.025 107.817
35.037 107.864
35.049 107.911
35.062 107.958
35.074 108.006
35.086 108.053
35.098 108.099
35.111 108.146
35.123 108.193
35.135 108.240
35.147 108.287
35.159 108.334
35.172 108.380
35.184 108.427
35.196 108.474
35.208 108.520
35.221 108.567
35.233 108.614
35.245 108.660
35.532 107.868
35.544 107.914
35.556 107.961
35.568 108.007
35.580 108.053
35.593 108.099
35.605 108.146
35.617 108.192
35.629 108.238
35.642 108.284
35.654 108.330
35.666 108.376
35.678 108.423
35.690 108.469
35.703 108.515
35.715 108.560
35.727 108.607
35.739 108.652
35.752 108.698
35.764 108.744
36.050 107.962
36.062 108.008
36.075 108.054
36.087 108.099
36.099 108.145
36.111 108.191
36.124 108.236
36.136 108.282
36.148 108.327
36.160 108.373
36.172 108.418
36.185 108.463
36.197 108.509
36.209 108.554
36.221 108.600
36.234 108.645
36.246 108.690
36.258 108.735
36.270 108.781
36.282 108.826
36.569 108.054
36.581 108.099
36.593 108.144
36.606 108.189
36.618 108.234
36.630 108.279
36.642 108.324
36.655 108.369
36.667 108.414
36.679 108.459
36.691 108.503
36.704 108.548
36.716 108.593
36.728 108.638
36.740 108.682
36.752 108.727
36.765 108.771
36.777 108.816
36.789 108.861
36.801 108.905
37.088 108.144
37.100 108.188
37.112 108.233
37.125 108.277
37.137 108.321
37.149 108.365
37.161 108.410
37.173 108.454
37.186 108.498
37.198 108.542
37.210 108.586
37.222 108.630
37.235 108.674
37.247 108.718
37.259 108.763
37.271 108.807
37.283 108.850
37.296 108.894
37.308 108.938
37.320 108.982
37.607 108.231
37.619 108.274
37.631 108.318
37.643 108.362
37.656 108.405
37.668 108.449
37.680 108.493
37.692 108.536
37.705 108.580
37.717 108.623
37.729 108.667
37.741 108.710
37.753 108.754
37.766 108.797
37.778 108.841
37.790 108.884
37.802 108.927
37.815 108.970
37.827 109.014
37.839 109.057
38.126 108.315
38.138 108.358
38.150 108.402
38.162 108.445
38.174 108.488
38.187 108.531
38.199 108.574
38.211 108.617
38.223 108.659
38.236 108.702
38.248 108.745
38.260 108.788
38.272 108.831
38.284 108.874
38.297 108.917
38.309 108.959
38.321 109.002
38.333 109.045
38.346 109.087
38.358 109.130
38.644 108.397
38.657 108.440
38.669 108.483
38.681 108.525
38.693 108.567
38.705 108.610
38.718 108.652
38.730 108.695
38.742 108.737
38.754 108.779
38.767 108.822
38.779 108.864
38.791 108.906
38.803 108.948
38.815 108.990
38.828 109.033
38.840 109.075
38.852 109.117
38.864 109.159
38.877 109.201
39.163 108.478
39.175 108.520
39.188 108.562
39.200 108.604
39.212 108.645
39.224 108.687
39.236 108.729
39.249 108.771
39.261 108.812
39.273 108.854
39.285 108.896
39.297 108.938
39.310 108.979
39.322 109.021
39.334 109.062
39.346 109.104
39.359 109.146
39.371 109.187
39.383 109.229
39.395 109.270
39.682 108.556
39.694 108.597
39.706 108.638
39.718 108.680
39.731 108.721
39.743 108.762
39.755 108.804
39.767 108.845
39.780 108.886
39.792 108.927
39.804 108.968
39.816 109.009
39.828 109.051
39.841 109.091
39.853 109.133
39.865 109.174
39.877 109.215
39.890 109.255
39.902 109.296
39.914 109.337
40.201 108.632
40.213 108.673
40.225 108.713
40.237 108.754
40.250 108.795
40.262 108.836
40.274 108.876
40.286 108.917
40.298 108.958
40.311 108.998
40.323 109.039
40.335 109.079
40.347 109.120
40.360 109.160
40.372 109.201
40.384 109.241
40.396 109.282
40.408 109.322
40.421 109.362
40.433 109.403
40.719 108.706
40.732 108.746
40.744 108.786
40.756 108.827
40.768 108.867
40.781 108.907
40.793 108.947
40.805 108.987
40.817 109.027
40.830 109.067
40.842 109.107
40.854 109.148
40.866 109.188
40.878 109.227
40.891 109.267
40.903 109.307
40.915 109.347
40.927 109.387
40.940 109.427
40.952 109.467
41.238 108.778
41.251 108.818
41.263 108.858
41.275 108.897
41.287 108.937
41.299 108.976
41.312 109.016
41.324 109.056
41.336 109.095
41.348 109.135
41.361 109.174
41.373 109.214
41.385 109.254
41.397 109.293
41.409 109.332
41.422 109.372
41.434 109.411
41.446 109.450
41.458 109.490
41.471 109.529
41.757 108.849
41.769 108.888
41.782 108.927
41.794 108.966
41.806 109.005
41.818 109.044
41.830 109.084
41.843 109.123
41.855 109.162
41.867 109.201
41.879 109.240
41.892 109.279
41.904 109.318
41.916 109.357
41.928 109.396
41.940 109.434
41.953 109.473
41.965 109.512
41.977 109.551
41.989 109.590
42.276 108.917
42.288 108.956
42.300 108.995
42.312 109.033
42.325 109.072
42.337 109.111
42.349 109.149
42.361 109.188
42.374 109.227
42.386 109.265
42.398 109.303
42.410 109.342
42.422 109.381
42.435 109.419
42.447 109.457
42.459 109.496
42.471 109.534
42.484 109.573
42.496 109.611
42.508 109.649
42.795 108.984
42.807 109.022
42.819 109.061
42.831 109.099
42.843 109.137
42.856 109.175
42.868 109.213
42.880 109.252
42.892 109.290
42.905 109.328
42.917 109.366
42.929 109.404
42.941 109.442
42.953 109.480
42.966 109.518
42.978 109.556
42.990 109.593
43.002 109.631
43.015 109.669
43.027 109.707
43.313 109.050
43.326 109.087
43.338 109.125
43.350 109.163
43.362 109.201
43.375 109.238
43.387 109.276
43.399 109.314
43.411 109.351
43.423 109.389
43.436 109.426
43.448 109.464
43.460 109.501
43.472 109.539
43.485 109.576
43.497 109.614
43.509 109.651
43.521 109.689
43.533 109.726
43.546 109.763
43.832 109.114
43.844 109.151
43.857 109.188
43.869 109.225
43.881 109.263
43.893 109.300
43.906 109.337
43.918 109.374
43.930 109.411
43.942 109.449
43.955 109.486
43.967 109.523
43.979 109.560
43.991 109.597
44.003 109.634
44.016 109.671
44.028 109.708
44.040 109.745
44.052 109.782
44.065 109.819
44.351 109.176
44.363 109.213
44.376 109.250
44.388 109.287
44.400 109.323
44.412 109.360
44.424 109.397
44.437 109.433
44.449 109.470
44.461 109.507
44.473 109.543
44.486 109.580
44.498 109.617
44.510 109.653
44.522 109.690
44.534 109.726
44.547 109.763
44.559 109.800
44.571 109.836
44.583 109.872
44.870 109.237
44.882 109.274
44.894 109.310
44.907 109.346
44.919 109.383
44.931 109.419
44.943 109.455
44.955 109.491
44.968 109.528
44.980 109.564
44.992 109.600
45.004 109.636
45.017 109.672
45.029 109.709
45.041 109.745
45.053 109.781
45.065 109.817
45.078 109.853
45.090 109.889
45.102 109.925
45.389 109.297
45.401 109.333
45.413 109.368
45.425 109.404
45.438 109.440
45.450 109.476
45.462 109.512
45.474 109.548
45.486 109.584
45.499 109.620
45.511 109.655
45.523 109.691
45.535 109.727
45.547 109.763
45.560 109.798
45.572 109.834
45.584 109.870
45.596 109.905
45.609 109.941
45.621 109.976
45.907 109.355
45.920 109.390
45.932 109.426
45.944 109.461
45.956 109.497
45.968 109.532
45.981 109.568
45.993 109.603
46.005 109.639
46.017 109.674
46.030 109.709
46.042 109.745
46.054 109.780
46.066 109.815
46.078 109.851
46.091 109.886
46.103 109.921
46.115 109.956
46.127 109.992
46.140 110.027
46.426 109.412
46.438 109.447
46.451 109.482
46.463 109.517
46.475 109.552
46.487 109.587
46.499 109.622
46.512 109.657
46.524 109.692
46.536 109.727
46.548 109.762
46.561 109.797
46.573 109.832
46.585 109.867
46.597 109.902
46.610 109.937
46.622 109.972
46.634 110.006
46.646 110.041
46.658 110.076
46.945 109.467
46.957 109.502
46.969 109.537
46.982 109.571
46.994 109.606
47.006 109.641
47.018 109.676
47.031 109.710
47.043 109.745
47.055 109.779
47.067 109.814
47.080 109.848
47.092 109.883
47.104 109.917
47.116 109.952
47.128 109.986
47.141 110.021
47.153 110.055
47.165 110.090
47.177 110.124
47.464 109.522
47.476 109.556
47.488 109.591
47.501 109.625
47.513 109.659
47.525 109.693
47.537 109.728
47.549 109.762
47.562 109.796
47.574 109.830
47.586 109.864
47.598 109.898
47.611 109.933
47.623 109.967
47.635 110.001
47.647 110.035
47.659 110.069
47.672 110.103
47.684 110.137
47.696 110.171
47.983 109.575
47.995 109.609
48.007 109.643
48.019 109.677
48.032 109.711
48.044 109.745
48.056 109.779
48.068 109.812
48.080 109.846
48.093 109.880
48.105 109.914
48.117 109.947
48.129 109.981
48.142 110.015
48.154 110.049
48.166 110.082
48.178 110.116
48.190 110.150
48.203 110.184
48.215 110.217
48.501 109.627
48.514 109.661
48.526 109.694
48.538 109.728
48.550 109.761
48.562 109.795
48.575 109.828
48.587 109.862
48.599 109.895
48.611 109.929
48.624 109.962
48.636 109.995
48.648 110.029
48.660 110.062
48.672 110.096
48.685 110.129
48.697 110.162
48.709 110.196
48.721 110.229
48.734 110.262
49.020 109.678
49.032 109.711
49.045 109.745
49.057 109.778
49.069 109.811
49.081 109.844
49.093 109.877
49.106 109.910
49.118 109.943
49.130 109.976
49.142 110.010
49.155 110.043
49.167 110.075
49.179 110.109
49.191 110.142
49.203 110.175
49.216 110.207
49.228 110.240
49.240 110.273
49.252 110.306
49.539 109.728
49.551 109.761
49.563 109.794
49.576 109.827
49.588 109.859
49.600 109.892
49.612 109.925
49.624 109.958
49.637 109.990
49.649 110.023
49.661 110.056
49.673 110.089
49.686 110.121
49.698 110.154
49.710 110.187
49.722 110.219
49.735 110.252
49.747 110.284
49.759 110.317
49.771 110.349
50.058 109.777
50.070 109.810
50.082 109.842
50.094 109.875
50.107 109.907
50.119 109.939
50.131 109.972
50.143 110.004
50.156 110.036
50.168 110.069
50.180 110.101
50.192 110.134
50.205 110.166
50.217 110.198
50.229 110.231
50.241 110.263
50.253 110.295
50.266 110.327
50.278 110.359
50.290 110.392
50.577 109.825
50.589 109.857
50.601 109.889
50.613 109.921
50.626 109.953
50.638 109.986
50.650 110.018
50.662 110.050
50.674 110.082
50.687 110.114
50.699 110.146
50.711 110.178
50.723 110.210
50.736 110.242
50.748 110.274
50.760 110.306
50.772 110.337
50.784 110.369
50.797 110.401
50.809 110.433
51.095 109.872
51.108 109.904
51.120 109.936
51.132 109.967
51.144 109.999
51.157 110.031
51.169 110.063
51.181 110.094
51.193 110.126
51.205 110.158
51.218 110.189
51.230 110.221
51.242 110.253
51.254 110.284
51.267 110.316
51.279 110.348
51.291 110.379
51.303 110.411
51.315 110.442
51.328 110.474
51.614 109.918
51.626 109.949
51.639 109.981
51.651 110.012
51.663 110.044
51.675 110.075
51.688 110.107
51.700 110.138
51.712 110.169
51.724 110.201
51.736 110.232
51.749 110.263
51.761 110.295
51.773 110.326
51.785 110.357
51.797 110.389
51.810 110.420
51.822 110.451
51.834 110.482
51.846 110.513
52.133 109.963
52.145 109.994
52.157 110.025
52.170 110.056
52.182 110.087
52.194 110.119
52.206 110.150
52.218 110.181
52.231 110.212
52.243 110.243
52.255 110.274
52.267 110.305
52.280 110.336
52.292 110.367
52.304 110.398
52.316 110.429
52.328 110.460
52.341 110.491
52.353 110.522
52.365 110.552
52.652 110.007
52.664 110.038
52.676 110.069
52.688 110.100
52.701 110.131
52.713 110.161
52.725 110.192
52.737 110.223
52.749 110.254
52.762 110.284
52.774 110.315
52.786 110.346
52.798 110.376
52.811 110.407
52.823 110.438
52.835 110.468
52.847 110.499
52.860 110.529
52.872 110.560
52.884 110.591
53.170 110.051
53.183 110.081
53.195 110.112
53.207 110.142
53.219 110.173
53.232 110.203
53.244 110.233
53.256 110.264
53.268 110.294
53.281 110.325
53.293 110.355
53.305 110.386
53.317 110.416
53.330 110.446
53.342 110.477
53.354 110.507
53.366 110.537
53.378 110.567
53.391 110.598
53.403 110.628
53.689 110.093
53.702 110.123
53.714 110.153
53.726 110.184
53.738 110.214
53.751 110.244
53.763 110.274
53.775 110.304
53.787 110.334
53.799 110.364
53.812 110.395
53.824 110.425
53.836 110.455
53.848 110.485
53.861 110.515
53.873 110.545
53.885 110.575
53.897 110.605
53.909 110.635
53.922 110.665
54.208 110.135
54.220 110.165
54.233 110.194
54.245 110.224
54.257 110.254
54.269 110.284
54.282 110.314
54.294 110.344
54.306 110.374
54.318 110.403
54.330 110.433
54.343 110.463
54.355 110.493
54.367 110.523
54.379 110.552
54.392 110.582
54.404 110.612
54.416 110.642
54.428 110.671
54.440 110.701
54.727 110.176
54.739 110.205
54.751 110.235
54.764 110.264
54.776 110.294
54.788 110.323
54.800 110.353
54.812 110.383
54.825 110.412
54.837 110.442
54.849 110.471
54.861 110.501
54.874 110.530
54.886 110.560
54.898 110.589
54.910 110.619
54.922 110.648
54.935 110.678
54.947 110.707
54.959 110.736
55.246 110.216
55.258 110.245
55.270 110.274
55.282 110.304
55.295 110.333
55.307 110.362
55.319 110.391
55.331 110.421
55.343 110.450
55.356 110.479
55.368 110.508
55.380 110.538
55.392 110.567
55.405 110.596
55.417 110.625
55.429 110.654
55.441 110.684
55.453 110.713
55.466 110.742
55.478 110.771
55.764 110.255
55.777 110.284
55.789 110.313
55.801 110.342
55.813 110.371
55.826 110.400
55.838 110.429
55.850 110.458
55.862 110.487
55.874 110.516
55.887 110.545
55.899 110.574
55.911 110.603
55.923 110.632
55.936 110.661
55.948 110.690
55.960 110.719
55.972 110.747
55.985 110.776
55.997 110.805
56.283 110.294
56.295 110.323
56.308 110.351
56.320 110.380
56.332 110.409
56.344 110.438
56.357 110.466
56.369 110.495
56.381 110.524
56.393 110.552
56.406 110.581
56.418 110.610
56.430 110.638
56.442 110.667
56.455 110.695
56.467 110.724
56.479 110.753
56.491 110.781
56.503 110.810
56.516 110.838
56.802 110.332
56.814 110.360
56.827 110.389
56.839 110.417
56.851 110.446
56.863 110.474
56.876 110.502
56.888 110.531
56.900 110.559
56.912 110.588
56.924 110.616
56.937 110.645
56.949 110.673
56.961 110.701
56.973 110.730
56.986 110.758
56.998 110.786
57.010 110.815
57.022 110.843
57.034 110.871
57.321 110.369
57.333 110.397
57.345 110.425
57.358 110.454
57.370 110.482
57.382 110.510
57.394 110.538
57.407 110.566
57.419 110.595
57.431 110.623
57.443 110.651
57.455 110.679
57.468 110.707
57.480 110.735
57.492 110.763
57.504 110.791
57.517 110.819
57.529 110.848
57.541 110.876
57.553 110.904
57.840 110.405
57.852 110.434
57.864 110.461
57.876 110.489
57.889 110.517
57.901 110.545
57.913 110.573
57.925 110.601
57.938 110.629
57.950 110.657
57.962 110.685
57.974 110.713
57.986 110.741
57.999 110.768
58.011 110.796
58.023 110.824
58.035 110.852
58.047 110.880
58.060 110.908
58.072 110.935
58.358 110.441
58.371 110.469
58.383 110.497
58.395 110.525
58.407 110.552
58.420 110.580
58.432 110.608
58.444 110.635
58.456 110.663
58.468 110.691
58.481 110.718
58.493 110.746
58.505 110.773
58.517 110.801
58.530 110.829
58.542 110.856
58.554 110.884
58.566 110.911
58.578 110.939
58.591 110.966
58.877 110.477
58.889 110.504
58.902 110.532
58.914 110.559
58.926 110.587
58.938 110.614
58.951 110.642
58.963 110.669
58.975 110.696
58.987 110.724
58.999 110.751
59.012 110.778
59.024 110.806
59.036 110.833
59.048 110.860
59.061 110.888
59.073 110.915
59.085 110.942
59.097 110.970
59.110 110.997
59.396 110.511
59.408 110.539
59.420 110.566
59.433 110.593
59.445 110.620
59.457 110.647
59.469 110.675
59.482 110.702
59.494 110.729
59.506 110.756
59.518 110.783
59.531 110.810
59.543 110.837
59.555 110.865
59.567 110.892
59.580 110.919
59.592 110.946
59.604 110.973
59.616 111.000
59.628 111.027
59.915 110.545
59.927 110.572
59.939 110.600
59.952 110.626
59.964 110.653
59.976 110.680
59.988 110.707
60.001 110.734
60.013 110.761
60.025 110.788
60.037 110.815
60.049 110.842
60.062 110.869
60.074 110.895
60.086 110.922
60.098 110.949
60.111 110.976
60.123 111.003
60.135 111.030
60.147 111.057
60.434 110.579
60.446 110.606
60.458 110.633
60.470 110.659
60.483 110.686
60.495 110.713
60.507 110.739
60.519 110.766
60.532 110.793
60.544 110.819
60.556 110.846
60.568 110.873
60.580 110.899
60.593 110.926
60.605 110.953
60.617 110.979
60.629 111.006
60.642 111.032
60.654 111.059
60.666 111.085
60.953 110.612
60.965 110.638
60.977 110.665
60.989 110.691
61.001 110.718
61.014 110.744
61.026 110.771
61.038 110.797
61.050 110.824
61.062 110.850
61.075 110.877
61.087 110.903
61.099 110.929
61.111 110.956
61.124 110.982
61.136 111.009
61.148 111.035
61.160 111.061
61.172 111.088
61.185 111.114
61.471 110.644
61.483 110.671
61.496 110.697
61.508 110.723
61.520 110.749
61.532 110.776
61.545 110.802
61.557 110.828
61.569 110.854
61.581 110.880
61.593 110.907
61.606 110.933
61.618 110.959
61.630 110.985
61.642 111.011
61.655 111.038
61.667 111.064
61.679 111.090
61.691 111.116
61.703 111.142
61.990 110.676
62.002 110.702
62.014 110.728
62.027 110.754
62.039 110.780
62.051 110.806
62.063 110.832
62.076 110.858
62.088 110.884
62.100 110.910
62.112 110.936
62.124 110.962
62.137 110.988
62.149 111.014
62.161 111.040
62.173 111.066
62.186 111.092
62.198 111.118
62.210 111.144
62.222 111.170
62.509 110.707
62.521 110.733
62.533 110.759
62.545 110.785
62.558 110.811
62.570 110.836
62.582 110.862
62.594 110.888
62.607 110.914
62.619 110.940
62.631 110.965
62.643 110.991
62.656 111.017
62.668 111.042
62.680 111.068
62.692 111.094
62.705 111.120
62.717 111.145
62.729 111.171
62.741 111.197
63.028 110.738
63.040 110.764
63.052 110.789
63.064 110.815
63.077 110.841
63.089 110.866
63.101 110.892
63.113 110.917
63.126 110.943
63.138 110.968
63.150 110.994
63.162 111.020
63.174 111.045
63.187 111.070
63.199 111.096
63.211 111.122
63.223 111.147
63.236 111.172
63.248 111.198
63.260 111.223
63.547 110.768
63.559 110.794
63.571 110.819
63.583 110.845
63.595 110.870
63.608 110.895
63.620 110.921
63.632 110.946
63.644 110.971
63.657 110.997
63.669 111.022
63.681 111.047
63.693 111.073
63.705 111.098
63.718 111.123
63.730 111.149
63.742 111.174
63.754 111.199
63.767 111.224
63.779 111.250
64.065 110.798
64.078 110.823
64.090 110.849
64.102 110.874
64.114 110.899
64.126 110.924
64.139 110.949
64.151 110.974
64.163 111.000
64.175 111.025
64.188 111.050
64.200 111.075
64.212 111.100
64.224 111.125
64.236 111.150
64.249 111.175
64.261 111.200
64.273 111.225
64.285 111.250
64.297 111.275
64.584 110.828
64.596 110.853
64.609 110.878
64.621 110.903
64.633 110.928
64.645 110.952
64.657 110.977
64.670 111.002
64.682 111.027
64.694 111.052
64.706 111.077
64.719 111.102
64.731 111.127
64.743 111.152
64.755 111.177
64.767 111.201
64.780 111.226
64.792 111.251
64.804 111.276
64.816 111.301
65.103 110.857
65.115 110.881
65.127 110.906
65.139 110.931
65.152 110.956
65.164 110.980
65.176 111.005
65.188 111.030
65.201 111.055
65.213 111.079
65.225 111.104
65.237 111.129
65.249 111.153
65.262 111.178
65.274 111.203
65.286 111.227
65.298 111.252
65.311 111.276
65.323 111.301
65.335 111.326
65.622 110.885
65.634 110.909
65.646 110.934
65.658 110.959
65.671 110.983
65.683 111.008
65.695 111.032
65.707 111.057
65.719 111.081
65.732 111.106
65.744 111.130
65.756 111.155
65.768 111.179
65.781 111.204
65.793 111.228
65.805 111.253
65.817 111.277
65.829 111.302
65.842 111.326
65.854 111.350
66.140 110.913
66.153 110.937
66.165 110.962
66.177 110.986
66.189 111.010
66.202 111.035
66.214 111.059
66.226 111.083
66.238 111.108
66.251 111.132
66.263 111.156
66.275 111.181
66.287 111.205
66.299 111.229
66.312 111.253
66.324 111.278
66.336 111.302
66.348 111.326
66.361 111.350
66.373 111.375
66.659 110.940
66.671 110.964
66.684 110.989
66.696 111.013
66.708 111.037
66.720 111.061
66.733 111.085
66.745 111.109
66.757 111.134
66.769 111.158
66.781 111.182
66.794 111.206
66.806 111.230
66.818 111.254
66.830 111.278
66.843 111.302
66.855 111.326
66.867 111.350
66.879 111.374
66.891 111.398
67.178 110.967
67.190 110.991
67.203 111.015
67.215 111.039
67.227 111.063
67.239 111.087
67.251 111.111
67.264 111.135
67.276 111.159
67.288 111.183
67.300 111.207
67.312 111.231
67.325 111.255
67.337 111.279
67.349 111.302
67.361 111.326
67.374 111.350
67.386 111.374
67.398 111.398
67.410 111.422
67.697 110.994
67.709 111.018
67.721 111.042
67.734 111.065
67.746 111.089
67.758 111.113
67.770 111.137
67.782 111.161
67.795 111.184
67.807 111.208
67.819 111.232
67.831 111.255
67.844 111.279
67.856 111.303
67.868 111.327
67.880 111.350
67.892 111.374
67.905 111.398
67.917 111.421
67.929 111.445
68.216 111.020
68.228 111.044
68.240 111.068
68.252 111.091
68.264 111.115
68.277 111.138
68.289 111.162
68.301 111.185
68.313 111.209
68.326 111.233
68.338 111.256
68.350 111.280
68.362 111.303
68.374 111.327
68.387 111.350
68.399 111.374
68.411 111.397
68.423 111.421
68.436 111.444
68.448 111.468
68.734 111.046
68.747 111.070
68.759 111.093
68.771 111.116
68.783 111.140
68.796 111.163
68.808 111.187
68.820 111.210
68.832 111.233
68.844 111.257
68.857 111.280
68.869 111.304
68.881 111.327
68.893 111.350
68.906 111.373
68.918 111.397
68.930 111.420
68.942 111.444
68.954 111.467
68.967 111.490
69.253 111.072
69.265 111.095
69.278 111.118
69.290 111.141
69.302 111.165
69.314 111.188
69.327 111.211
69.339 111.234
69.351 111.258
69.363 111.281
69.376 111.304
69.388 111.327
69.400 111.350
69.412 111.373
69.424 111.397
69.437 111.420
69.449 111.443
69.461 111.466
69.473 111.489
69.486 111.512
69.772 111.097
69.784 111.120
69.796 111.143
69.809 111.166
69.821 111.189
69.833 111.212
69.845 111.235
69.858 111.258
69.870 111.281
69.882 111.304
69.894 111.327
69.906 111.350
69.919 111.373
69.931 111.396
69.943 111.419
69.955 111.442
69.968 111.465
69.980 111.488
69.992 111.511
70.004 111.534
70.291 111.122
70.303 111.144
70.315 111.167
70.328 111.190
70.340 111.213
70.352 111.236
70.364 111.259
70.376 111.282
70.389 111.305
70.401 111.327
70.413 111.350
70.425 111.373
70.438 111.396
70.450 111.419
70.462 111.442
70.474 111.464
70.486 111.487
70.499 111.510
70.511 111.533
70.523 111.555
70.810 111.146
70.822 111.169
70.834 111.191
70.846 111.214
70.859 111.237
70.871 111.260
70.883 111.282
70.895 111.305
70.907 111.328
70.920 111.350
70.932 111.373
70.944 111.395
70.956 111.418
70.969 111.441
70.981 111.464
70.993 111.486
71.005 111.509
71.017 111.531
71.030 111.554
71.042 111.576
71.328 111.170
71.341 111.192
71.353 111.215
71.365 111.238
71.377 111.260
71.389 111.283
71.402 111.305
71.414 111.328
71.426 111.350
71.438 111.373
71.451 111.395
71.463 111.418
71.475 111.440
71.487 111.463
71.499 111.485
71.512 111.507
71.524 111.530
71.536 111.552
71.548 111.575
71.561 111.597
71.847 111.194
71.859 111.216
71.872 111.238
71.884 111.261
71.896 111.283
71.908 111.305
71.921 111.328
71.933 111.350
71.945 111.373
71.957 111.395
71.969 111.417
71.982 111.439
71.994 111.462
72.006 111.484
72.018 111.506
72.031 111.529
72.043 111.551
72.055 111.573
72.067 111.596
72.079 111.618
72.366 111.217
72.378 111.239
72.390 111.261
72.403 111.284
72.415 111.306
72.427 111.328
72.439 111.350
72.452 111.372
72.464 111.395
72.476 111.417
72.488 111.439
72.500 111.461
72.513 111.483
72.525 111.505
72.537 111.528
72.549 111.550
72.562 111.572
72.574 111.594
72.586 111.616
72.598 111.638
72.885 111.240
72.897 111.262
72.909 111.284
72.921 111.306
72.934 111.328
72.946 111.350
72.958 111.372
72.970 111.394
72.983 111.416
72.995 111.438
73.007 111.460
73.019 111.482
73.031 111.504
73.044 111.526
73.056 111.548
73.068 111.570
73.080 111.592
73.093 111.614
73.105 111.636
73.117 111.658
73.404 111.263
73.416 111.284
73.428 111.306
73.440 111.328
73.453 111.350
73.465 111.372
73.477 111.394
73.489 111.416
73.501 111.438
73.514 111.459
73.526 111.481
73.538 111.503
73.550 111.525
73.562 111.547
73.575 111.569
73.587 111.591
73.599 111.612
73.611 111.634
73.624 111.656
73.636 111.678
73.922 111.285
73.935 111.307
73.947 111.328
73.959 111.350
73.971 111.372
73.984 111.394
73.996 111.415
74.008 111.437
74.020 111.459
74.032 111.480
74.045 111.502
74.057 111.524
74.069 111.545
74.081 111.567
74.094 111.589
74.106 111.611
74.118 111.632
74.130 111.654
74.142 111.675
74.155 111.697
74.441 111.307
74.453 111.329
74.466 111.350
74.478 111.372
74.490 111.393
74.502 111.415
74.514 111.436
74.527 111.458
74.539 111.479
74.551 111.501
74.563 111.523
74.576 111.544
74.588 111.566
74.600 111.587
74.612 111.609
74.624 111.630
74.637 111.652
74.649 111.673
74.661 111.695
74.673 111.716
74.960 111.329
74.972 111.350
74.984 111.372
74.997 111.393
75.009 111.414
75.021 111.436
75.033 111.457
75.046 111.479
75.058 111.500
75.070 111.521
75.082 111.543
75.094 111.564
75.107 111.586
75.119 111.607
75.131 111.628
75.143 111.650
75.156 111.671
75.168 111.692
75.180 111.714
75.192 111.735
75.479 111.350
75.491 111.371
75.503 111.393
75.515 111.414
75.528 111.435
75.540 111.457
75.552 111.478
75.564 111.499
75.576 111.520
75.589 111.542
75.601 111.563
75.613 111.584
75.625 111.605
75.638 111.626
75.650 111.648
75.662 111.669
75.674 111.690
75.687 111.711
75.699 111.732
75.711 111.754
75.998 111.371
76.010 111.392
76.022 111.414
76.034 111.435
76.046 111.456
76.059 111.477
76.071 111.498
76.083 111.519
76.095 111.540
76.108 111.561
76.120 111.582
76.132 111.604
76.144 111.625
76.156 111.646
76.169 111.667
76.181 111.688
76.193 111.709
76.205 111.730
76.218 111.751
76.230 111.772
76.516 111.392
76.529 111.413
76.541 111.434
76.553 111.455
76.565 111.476
76.578 111.497
76.590 111.518
76.602 111.539
76.614 111.560
76.626 111.581
76.639 111.602
76.651 111.623
76.663 111.644
76.675 111.665
76.688 111.686
76.700 111.706
76.712 111.727
76.724 111.748
76.736 111.769
76.749 111.790
77.035 111.413
77.047 111.434
77.060 111.454
77.072 111.475
77.084 111.496
77.096 111.517
77.109 111.538
77.121 111.559
77.133 111.579
77.145 111.600
77.157 111.621
77.170 111.642
77.182 111.663
77.194 111.683
77.206 111.704
77.219 111.725
77.231 111.746
77.243 111.766
77.255 111.787
77.267 111.808
77.554 111.433
77.566 111.454
77.578 111.474
77.591 111.495
77.603 111.516
77.615 111.536
77.627 111.557
77.639 111.578
77.652 111.599
77.664 111.619
77.676 111.640
77.688 111.661
77.701 111.681
77.713 111.702
77.725 111.722
77.737 111.743
77.749 111.764
77.762 111.784
77.774 111.805
77.786 111.825
78.073 111.453
78.085 111.474
78.097 111.494
78.109 111.515
78.122 111.535
78.134 111.556
78.146 111.576
78.158 111.597
78.171 111.617
78.183 111.638
78.195 111.658
78.207 111.679
78.219 111.700
78.232 111.720
78.244 111.740
78.256 111.761
78.268 111.781
78.281 111.802
78.293 111.822
78.305 111.843
78.591 111.473
78.604 111.493
78.616 111.514
78.628 111.534
78.640 111.555
78.653 111.575
78.665 111.595
78.677 111.616
78.689 111.636
78.701 111.657
78.714 111.677
78.726 111.697
78.738 111.718
78.750 111.738
78.763 111.758
78.775 111.779
78.787 111.799
78.799 111.819
78.812 111.840
78.824 111.860
79.110 111.492
79.123 111.513
79.135 111.533
79.147 111.553
79.159 111.574
79.171 111.594
79.184 111.614
79.196 111.634
79.208 111.655
79.220 111.675
79.233 111.695
79.245 111.715
79.257 111.735
79.269 111.756
79.281 111.776
79.294 111.796
79.306 111.816
79.318 111.837
79.330 111.857
79.343 111.877
79.629 111.512
79.641 111.532
79.654 111.552
79.666 111.572
79.678 111.592
79.690 111.612
79.703 111.632
79.715 111.653
79.727 111.673
79.739 111.693
79.751 111.713
79.764 111.733
79.776 111.753
79.788 111.773
79.800 111.793
79.812 111.813
79.825 111.833
79.837 111.854
79.849 111.873
79.861 111.894
80.148 111.531
80.160 111.551
80.172 111.571
80.185 111.591
80.197 111.611
80.209 111.631
80.221 111.651
80.234 111.671
80.246 111.691
80.258 111.711
80.270 111.731
80.282 111.751
80.295 111.771
80.307 111.791
80.319 111.810
80.331 111.830
80.344 111.850
80.356 111.870
80.368 111.890
80.380 111.910
80.667 111.549
80.679 111.569
80.691 111.589
80.703 111.609
80.716 111.629
80.728 111.649
80.740 111.669
80.752 111.688
80.764 111.708
80.777 111.728
80.789 111.748
80.801 111.768
80.813 111.788
80.826 111.808
80.838 111.827
80.850 111.847
80.862 111.867
80.874 111.887
80.887 111.907
80.899 111.926
81.186 111.568
81.198 111.588
81.210 111.607
81.222 111.627
81.234 111.647
81.247 111.667
81.259 111.686
81.271 111.706
81.283 111.726
81.296 111.746
81.308 111.765
81.320 111.785
81.332 111.805
81.344 111.824
81.357 111.844
81.369 111.864
81.381 111.883
81.393 111.903
81.406 111.923
81.418 111.942
81.704 111.586
81.716 111.606
81.729 111.625
81.741 111.645
81.753 111.665
81.765 111.684
81.778 111.704
81.790 111.723
81.802 111.743
81.814 111.763
81.826 111.782
81.839 111.802
81.851 111.821
81.863 111.841
81.875 111.861
81.888 111.880
81.900 111.900
81.912 111.919
81.924 111.939
81.937 111.958
82.223 111.604
82.235 111.624
82.248 111.643
82.260 111.663
82.272 111.682
82.284 111.702
82.296 111.721
82.309 111.741
82.321 111.760
82.333 111.780
82.345 111.799
82.358 111.818
82.370 111.838
82.382 111.857
82.394 111.877
82.406 111.896
82.419 111.916
82.431 111.935
82.443 111.955
82.455 111.974
82.742 111.622
82.754 111.641
82.766 111.661
82.779 111.680
82.791 111.700
82.803 111.719
82.815 111.738
82.828 111.758
82.840 111.777
82.852 111.796
82.864 111.816
82.876 111.835
82.889 111.854
82.901 111.874
82.913 111.893
82.925 111.912
82.938 111.932
82.950 111.951
82.962 111.970
82.974 111.989
83.261 111.640
83.273 111.659
83.285 111.678
83.297 111.697
83.310 111.717
83.322 111.736
83.334 111.755
83.346 111.774
83.359 111.794
83.371 111.813
83.383 111.832
83.395 111.851
83.407 111.870
83.420 111.890
83.432 111.909
83.444 111.928
83.456 111.947
83.469 111.966
83.481 111.986
83.493 112.005
83.779 111.657
83.792 111.676
83.804 111.695
83.816 111.714
83.828 111.734
83.841 111.753
83.853 111.772
83.865 111.791
83.877 111.810
83.889 111.829
83.902 111.848
83.914 111.867
83.926 111.886
83.938 111.905
83.951 111.925
83.963 111.944
83.975 111.963
83.987 111.982
83.999 112.001
84.012 112.020
84.298 111.674
84.311 111.693
84.323 111.712
84.335 111.731
84.347 111.750
84.359 111.769
84.372 111.788
84.384 111.807
84.396 111.826
84.408 111.845
84.421 111.864
84.433 111.883
84.445 111.902
84.457 111.921
84.469 111.940
84.482 111.959
84.494 111.978
84.506 111.997
84.518 112.016
84.531 112.035
84.817 111.691
84.829 111.710
84.841 111.729
84.854 111.748
84.866 111.767
84.878 111.786
84.890 111.805
84.903 111.823
84.915 111.842
84.927 111.861
84.939 111.880
84.951 111.899
84.964 111.918
84.976 111.936
84.988 111.955
85.000 111.974
85.013 111.993
85.025 112.012
85.037 112.031
85.049 112.049
85.336 111.708
85.348 111.727
85.360 111.746
85.373 111.764
85.385 111.783
85.397 111.802
85.409 111.821
85.421 111.839
85.434 111.858
85.446 111.877
85.458 111.896
85.470 111.914
85.483 111.933
85.495 111.952
85.507 111.970
85.519 111.989
85.531 112.008
85.544 112.027
85.556 112.045
85.568 112.064
85.855 111.724
85.867 111.743
85.879 111.762
85.891 111.781
85.904 111.799
85.916 111.818
85.928 111.836
85.940 111.855
85.953 111.874
85.965 111.892
85.977 111.911
85.989 111.930
86.001 111.948
86.014 111.967
86.026 111.985
86.038 112.004
86.050 112.023
86.062 112.041
86.075 112.060
86.087 112.078
86.374 111.741
86.386 111.759
86.398 111.778
86.410 111.797
86.422 111.815
86.435 111.834
86.447 111.852
86.459 111.871
86.471 111.889
86.484 111.908
86.496 111.926
86.508 111.945
86.520 111.963
86.532 111.982
86.545 112.000
86.557 112.019
86.569 112.037
86.581 112.056
86.594 112.074
86.606 112.093
86.892 111.757
86.904 111.775
86.917 111.794
86.929 111.812
86.941 111.831
86.953 111.849
86.966 111.868
86.978 111.886
86.990 111.904
87.002 111.923
87.014 111.941
87.027 111.960
87.039 111.978
87.051 111.996
87.063 112.015
87.076 112.033
87.088 112.052
87.100 112.070
87.112 112.088
87.124 112.107
87.411 111.773
87.423 111.791
87.436 111.810
87.448 111.828
87.460 111.846
87.472 111.865
87.484 111.883
87.497 111.901
87.509 111.920
87.521 111.938
87.533 111.956
87.546 111.974
87.558 111.993
87.570 112.011
87.582 112.029
87.594 112.047
87.607 112.066
87.619 112.084
87.631 112.102
87.643 112.120
87.930 111.789
87.942 111.807
87.954 111.825
87.966 111.843
87.979 111.862
87.991 111.880
88.003 111.898
88.015 111.916
88.028 111.934
88.040 111.953
88.052 111.971
88.064 111.989
88.076 112.007
88.089 112.025
88.101 112.043
88.113 112.062
88.125 112.080
88.138 112.098
88.150 112.116
88.162 112.134
88.449 111.804
88.461 111.822
88.473 111.841
88.485 111.859
88.498 111.877
88.510 111.895
88.522 111.913
88.534 111.931
88.546 111.949
88.559 111.967
88.571 111.985
88.583 112.003
88.595 112.021
88.608 112.039
88.620 112.057
88.632 112.076
88.644 112.094
88.656 112.112
88.669 112.130
88.681 112.148
88.967 111.820
88.980 111.838
88.992 111.856
89.004 111.874
89.016 111.892
89.029 111.910
89.041 111.928
89.053 111.946
89.065 111.964
89.078 111.982
89.090 112.000
89.102 112.018
89.114 112.036
89.126 112.053
89.139 112.071
89.151 112.089
89.163 112.107
89.175 112.125
89.188 112.143
89.200 112.161
89.486 111.835
89.499 111.853
89.511 111.871
89.523 111.889
89.535 111.907
89.547 111.924
89.560 111.942
89.572 111.960
89.584 111.978
89.596 111.996
89.609 112.014
89.621 112.032
89.633 112.049
89.645 112.067
89.657 112.085
89.670 112.103
89.682 112.121
89.694 112.139
89.706 112.156
89.719 112.174
90.005 111.850
90.017 111.868
90.029 111.886
90.042 111.903
90.054 111.921
90.066 111.939
90.078 111.957
90.091 111.975
90.103 111.992
90.115 112.010
90.127 112.028
90.139 112.046
90.152 112.063
90.164 112.081
90.176 112.099
90.188 112.116
90.201 112.134
90.213 112.152
90.225 112.170
90.237 112.187
90.524 111.865
90.536 111.883
90.548 111.900
90.561 111.918
90.573 111.936
90.585 111.953
90.597 111.971
90.609 111.989
90.622 112.006
90.634 112.024
90.646 112.042
90.658 112.059
90.671 112.077
90.683 112.095
90.695 112.112
90.707 112.130
90.719 112.147
90.732 112.165
90.744 112.183
90.756 112.200
91.043 111.880
91.055 111.897
91.067 111.915
91.079 111.932
91.091 111.950
91.104 111.968
91.116 111.985
91.128 112.003
91.140 112.020
91.153 112.038
91.165 112.055
91.177 112.073
91.189 112.090
91.201 112.108
91.214 112.125
91.226 112.143
91.238 112.160
91.250 112.178
91.263 112.195
91.275 112.213
91.561 111.894
91.574 111.912
91.586 111.929
91.598 111.947
91.610 111.964
91.623 111.982
91.635 111.999
91.647 112.017
91.659 112.034
91.671 112.051
91.684 112.069
91.696 112.086
91.708 112.104
91.720 112.121
91.733 112.139
91.745 112.156
91.757 112.173
91.769 112.191
91.781 112.208
91.794 112.226
92.080 111.909
92.092 111.926
92.105 111.943
92.117 111.961
92.129 111.978
92.141 111.996
92.154 112.013
92.166 112.030
92.178 112.048
92.190 112.065
92.203 112.082
92.215 112.100
92.227 112.117
92.239 112.134
92.251 112.151
92.264 112.169
92.276 112.186
92.288 112.204
92.300 112.221
92.312 112.238
92.599 111.923
92.611 111.940
92.624 111.957
92.636 111.975
92.648 111.992
92.660 112.009
92.672 112.026
92.685 112.044
92.697 112.061
92.709 112.078
92.721 112.095
92.734 112.113
92.746 112.130
92.758 112.147
92.770 112.164
92.782 112.182
92.795 112.199
92.807 112.216
92.819 112.233
92.831 112.250
93.118 111.937
93.130 111.954
93.142 111.971
93.154 111.988
93.167 112.006
93.179 112.023
93.191 112.040
93.203 112.057
93.216 112.074
93.228 112.091
93.240 112.109
93.252 112.126
93.264 112.143
93.277 112.160
93.289 112.177
93.301 112.194
93.313 112.211
93.326 112.228
93.338 112.246
93.350 112.263
93.637 111.951
93.649 111.968
93.661 111.985
93.673 112.002
93.686 112.019
93.698 112.036
93.710 112.053
93.722 112.070
93.734 112.087
93.747 112.104
93.759 112.122
93.771 112.139
93.783 112.156
93.796 112.173
93.808 112.190
93.820 112.207
93.832 112.224
93.844 112.241
93.857 112.258
93.869 112.275
94.155 111.965
94.168 111.982
94.180 111.999
94.192 112.016
94.204 112.033
94.216 112.050
94.229 112.067
94.241 112.083
94.253 112.100
94.265 112.117
94.278 112.134
94.290 112.151
94.302 112.168
94.314 112.185
94.326 112.202
94.339 112.219
94.351 112.236
94.363 112.253
94.375 112.270
94.388 112.287
94.674 111.978
94.686 111.995
94.699 112.012
94.711 112.029
94.723 112.046
94.735 112.063
94.748 112.080
94.760 112.096
94.772 112.113
94.784 112.130
94.796 112.147
94.809 112.164
94.821 112.181
94.833 112.198
94.845 112.214
94.858 112.231
94.870 112.248
94.882 112.265
94.894 112.282
94.906 112.299
95.193 111.992
95.205 112.008
95.217 112.025
95.230 112.042
95.242 112.059
95.254 112.076
95.266 112.092
95.279 112.109
95.291 112.126
95.303 112.143
95.315 112.160
95.328 112.176
95.340 112.193
95.352 112.210
95.364 112.227
95.376 112.243
95.389 112.260
95.401 112.277
95.413 112.293
95.425 112.310
95.712 112.005
95.724 112.022
95.736 112.038
95.749 112.055
95.761 112.072
95.773 112.088
95.785 112.105
95.797 112.122
95.810 112.139
95.822 112.155
95.834 112.172
95.846 112.189
95.859 112.205
95.871 112.222
95.883 112.239
95.895 112.255
95.907 112.272
95.920 112.288
95.932 112.305
95.944 112.322
96.231 112.018
96.243 112.035
96.255 112.051
96.267 112.068
96.279 112.085
96.292 112.101
96.304 112.118
96.316 112.134
96.328 112.151
96.341 112.168
96.353 112.184
96.365 112.201
96.377 112.217
96.389 112.234
96.402 112.250
96.414 112.267
96.426 112.283
96.438 112.300
96.451 112.317
96.463 112.333
96.749 112.031
96.762 112.048
96.774 112.064
96.786 112.081
96.798 112.097
96.811 112.114
96.823 112.130
96.835 112.147
96.847 112.163
96.859 112.180
96.872 112.196
96.884 112.213
96.896 112.229
96.908 112.246
96.921 112.262
96.933 112.279
96.945 112.295
96.957 112.312
96.969 112.328
96.982 112.345
97.268 112.044
97.280 112.060
97.293 112.077
97.305 112.093
97.317 112.110
97.329 112.126
97.341 112.143
97.354 112.159
97.366 112.175
97.378 112.192
97.390 112.208
97.403 112.225
97.415 112.241
97.427 112.257
97.439 112.274
97.451 112.290
97.464 112.307
97.476 112.323
97.488 112.339
97.500 112.356
97.787 112.057
97.799 112.073
97.811 112.090
97.824 112.106
97.836 112.122
97.848 112.138
97.860 112.155
97.873 112.171
97.885 112.187
97.897 112.204
97.909 112.220
97.921 112.236
97.934 112.253
97.946 112.269
97.958 112.285
97.970 112.302
97.983 112.318
97.995 112.334
98.007 112.350
98.019 112.367
98.306 112.069
98.318 112.086
98.330 112.102
98.342 112.118
98.355 112.134
98.367 112.151
98.379 112.167
98.391 112.183
98.404 112.199
98.416 112.216
98.428 112.232
98.440 112.248
98.452 112.264
98.465 112.280
98.477 112.297
98.489 112.313
98.501 112.329
98.514 112.345
98.526 112.362
98.538 112.378
98.825 112.082
98.837 112.098
98.849 112.114
98.861 112.130
98.874 112.147
98.886 112.163
98.898 112.179
98.910 112.195
98.922 112.211
98.935 112.227
98.947 112.243
98.959 112.260
98.971 112.276
98.984 112.292
98.996 112.308
99.008 112.324
99.020 112.340
99.032 112.356
99.045 112.372
99.057 112.389
99.343 112.094
99.356 112.110
99.368 112.126
99.380 112.143
99.392 112.159
99.404 112.175
99.417 112.191
99.429 112.207
99.441 112.223
99.453 112.239
99.466 112.255
99.478 112.271
99.490 112.287
99.502 112.303
99.514 112.319
99.527 112.335
99.539 112.351
99.551 112.367
99.563 112.383
99.576 112.399
99.862 112.107
99.874 112.122
99.887 112.138
99.899 112.155
99.911 112.171
99.923 112.186
99.936 112.202
99.948 112.218
99.960 112.234
99.972 112.250
99.984 112.266
99.997 112.282
